1 8671
1 3729
1 5670
1 6755
1 370
1 3248
1 1379
1 5186
1 9435
1 6119
1 5961
1 9615
1 7329
1 5071
1 6896
1 572
1 6264
1 9099
1 6074
1 5850
1 1247
1 5440
1 2836
1 4372
1 3099
1 9835
1 3778
1 852
1 696
1 9199
1 1248
1 9502
1 8521
1 4622
1 8552
1 9689
1 7902
1 9607
37 5986 767 7860 3502 5664 7858 1092 7363 645 7702 8333 4800 5096 4682 4439 5764 7264 2045 8173 7424 2210 8849 2952 8691 4134 6111 9416 3013 2993 2582 8482 3376 1163 8966 2288 4651 3135
41 6470 2808 5386 288 3802 1417 8150 629 3683 765 2331 9126 2493 4050 8705 7397 1489 9737 8587 1534 8622 6627 9866 8449 3730 81 3496 1444 5489 8471 1995 3470 1239 8661 491 3580 5885 9296 9113 6684 7852
51 1533 8770 7744 2899 2520 8920 9971 8036 1641 3890 6840 3468 6795 815 4336 2373 8606 1937 4650 3465 8457 2085 7511 4535 9157 8157 3782 1597 7662 1598 685 2382 184 57 3198 1758 8034 4727 501 1486 5503 7058 1539 8809 4783 7248 7714 1946 2091 3925 7122
51 7771 9181 9742 3996 3913 3171 86 6279 1649 5848 7016 3575 332 3071 2385 6871 730 2246 9652 7219 164 5794 7822 4762 1350 8292 5866 3324 9210 4089 1419 4141 729 8555 3591 5309 9333 7459 4431 3652 1169 8337 7161 9514 3713 2209 40 6139 653 5928 5090
57 2650 226 6987 8777 5437 6688 3906 9104 984 5702 7147 7663 8346 6504 2044 7664 9480 6744 3950 4082 8510 8684 3988 5053 1261 8535 9305 5800 3982 9639 1617 2181 7810 4990 5199 8397 2723 3181 2115 428 4819 5348 1218 591 4671 4354 7819 8598 8182 1513 3515 9335 2810 3374 3526 9915 6919
65 9855 6670 4150 6662 8754 5792 7582 3877 6347 392 8775 2828 7866 7919 6953 25 4586 6030 7635 9003 796 8763 5033 7969 1582 7686 2855 310 4663 7327 7964 5691 2534 3960 853 9206 6732 5258 3936 2426 7843 6712 9152 8654 4074 7432 414 1333 3367 6256 2677 9929 8554 6665 1250 4673 224 8827 5389 4193 33 9501 1176 4803 3393
79 2048 1880 3493 3625 8543 4636 2481 9683 6189 9671 7982 1605 6050 6850 5891 6745 4264 9570 296 6468 3922 557 7440 2393 8989 3047 9127 7992 5586 5823 6323 7951 9270 2159 4356 8898 6517 2056 2935 43 6328 6764 843 7671 1424 6892 2753 3992 3340 865 6938 9657 3978 274 9530 7077 1362 153 4285 8571 2174 1859 2910 186 5372 2169 3781 4743 3255 4852 5508 3272 9320 4917 1146 8514 1581 195 7550
99 9128 3592 9790 8417 2332 1307 272 9597 823 3905 1550 6282 1154 3553 9013 4760 5063 2502 9551 1509 7230 6359 5369 4686 932 8242 9143 1120 6449 1390 1815 4389 7572 8285 8184 8166 4726 9797 733 42 5457 1331 9785 2480 9851 3738 2608 2615 139 2588 8837 6216 2065 3914 7187 1238 8760 2514 6534 6975 7758 8195 4910 8414 2631 2239 6239 6791 5095 5490 8068 448 4021 327 695 8219 1577 205 7831 1161 1947 5276 8905 7229 7845 2457 5963 7143 3615 5060 5834 3902 214 5592 2662 5224 9325 7577 2668
101 7278 6651 7293 6341 3315 396 4308 6718 2565 3288 1647 5495 4792 6946 2276 8428 9130 6904 7927 6508 3029 2471 7955 9341 6483 7812 1813 8795 673 1950 579 3400 2312 5323 7361 9376 8950 2843 8446 1588 3380 440 7326 1650 9843 5980 3773 4753 5252 2930 5660 5899 373 8818 7048 7257 7666 1285 717 5368 1428 1217 8540 2490 5263 9634 5836 5027 6949 7962 6839 6541 9222 1852 4555 536 2819 3126 4284 4580 8413 1780 9776 5342 9958 8784 7351 6552 236 9623 5313 6122 1592 8458 2570 7698 5957 333 3338 4129 2846
109 6071 2195 8807 9371 4373 9477 7573 7837 589 8154 7615 6547 5343 4069 5784 9368 3596 3473 1737 8996 5040 9315 4234 2078 9525 9619 811 1656 4446 1721 2129 9434 7463 9962 5373 520 2025 7521 2623 6172 2371 8427 8395 845 9529 4106 3192 1782 9398 4757 2144 220 672 1471 4316 5487 6848 4487 5787 7337 4386 8852 7760 7891 1983 1595 3278 6165 1850 2378 9086 4868 5563 9751 8290 6816 8208 2724 8 6683 2692 4029 6082 2346 3072 4401 1744 5197 22 8685 6872 7380 2584 9236 5164 7728 2455 334 7562 1840 3529 5250 5514 8260 6312 8203 5842 7038 1584
131 5034 2651 6589 4421 3387 7563 7920 2711 2603 4584 8738 8318 3056 5732 9178 1365 2660 9554 2596 8917 3970 2869 1450 4659 0 1202 5316 1088 2093 9471 3414 7544 3219 8713 8841 6642 859 562 5449 9415 4303 1607 5689 5539 4938 5115 3422 9895 7256 1874 6177 4941 2217 8981 8305 3048 6422 6443 5058 7623 5014 6616 2701 677 9351 5889 1188 5282 8783 3373 904 5663 5528 1432 2057 1543 4483 6215 7196 5488 6967 8183 5076 5985 9419 8859 3953 1938 5758 8209 2699 4399 607 8442 6730 9863 1308 8301 622 6174 810 3313 2767 6532 6224 4355 4317 9100 3717 1675 1186 28 7325 8128 3762 1957 8198 8879 3397 454 7880 2816 4840 6612 2229 3555 7594 8593 2485 3716 3785
153 5429 2486 4833 9378 1467 7175 5251 6387 2201 6885 6734 8919 1469 8040 9426 4920 3885 7286 6308 5952 5100 2125 374 3595 6770 5195 4777 9038 674 9711 2814 5680 9171 3767 4882 1637 9444 3301 4647 1857 7017 9847 5179 6192 2755 6257 6659 1557 6072 1771 3160 126 5432 910 3776 1103 9312 7807 3460 3697 712 4554 5831 1616 6654 8252 5690 7957 4404 2719 378 2092 6935 3270 3405 2726 8549 3412 7089 7245 6250 9294 9261 2882 3218 5830 2117 7414 1655 8399 2992 3971 2505 7502 7524 2364 3240 1931 9802 8501 8876 5705 8880 4325 7328 7050 9655 9587 6198 3306 6419 692 9156 4737 690 9823 8698 5966 1858 294 1765 8485 941 490 6951 2015 2818 4922 9811 100 1056 4510 3143 4786 4866 8821 4230 4219 8373 3252 3733 2648 1925 3763 5129 278 4923 9975 8035 8227 1084 9339 866
165 4130 7128 2363 7118 5627 9784 8057 4204 2888 7332 1727 9427 909 2704 5358 836 3016 3411 9250 8971 3314 6937 6824 4763 6948 8800 281 5485 4724 8322 7226 8474 5398 7240 3401 3668 9202 6460 868 6925 924 668 2928 7095 271 5209 8090 2679 2949 6941 5277 4061 7514 5059 8466 6812 2881 877 7639 7541 7167 4625 3372 1548 9545 3204 4545 2251 1585 494 4565 3942 2537 7188 9445 2579 6660 5460 6336 8607 6526 4497 2733 2397 7315 3498 7407 4583 9974 4463 7386 7907 6618 2341 183 6818 4670 6805 3870 9082 3964 2318 4492 5723 3539 986 9676 4265 6089 4371 9966 693 218 1107 8947 6596 8496 7719 3538 9748 6707 7166 7839 1407 9292 1862 1542 3690 830 4300 29 3292 1812 1321 2795 2041 5771 3706 3609 94 1752 5653 6367 7306 4290 8931 7152 9512 2531 4779 323 6576 6020 2655 7232 9383 7281 2425 8916 4188 8625 4093 2567 5015 2226
169 6492 4149 3736 7307 8469 8801 6489 9815 5651 150 8199 4259 2943 7457 2558 1896 1221 3022 9848 4710 3648 5949 5395 5740 3568 9331 9162 5328 9006 1767 478 5590 5929 1301 8567 789 7408 7464 6061 9045 9533 9302 4096 6956 2160 4537 7914 8074 649 7350 2513 4506 5556 8572 6829 5196 9449 5841 9556 6887 4189 939 9049 8585 8768 6978 4437 2038 9567 1255 4814 2697 1800 4507 7525 4765 2728 9161 289 3026 7069 6190 2050 1364 7441 5364 3803 3570 2853 5562 8964 5622 3113 4480 4728 2950 7217 4340 1201 9485 6115 6902 5610 9720 5005 4643 4881 7373 3764 9906 621 7892 6819 7976 344 4048 6546 3123 9672 4127 8608 9133 3845 2313 1814 7628 3112 5211 1053 2740 5347 5419 1267 4962 121 5750 3732 3663 6866 3557 9316 8175 4549 799 2103 9219 9781 1300 6069 3641 7865 4128 4 3636 3110 9568 1115 2874 3689 318 1715 3302 9026 5267 2745 4471 644 5067 6420
173 2492 3096 6242 9437 322 8038 4690 8310 464 403 9256 1974 6276 5777 8594 5225 3998 3627 3102 3544 5712 7208 691 7369 6989 9085 7063 9091 5279 2856 7085 6173 2994 6382 3182 9103 8921 2309 495 2913 9012 969 6788 3724 1124 9481 5492 7585 2401 7131 8938 9188 5436 482 4601 4791 5951 110 7274 8067 9876 5895 3989 722 4749 1760 1963 8637 8915 7869 4441 1755 2017 2138 5018 3277 4790 6350 9574 5355 3799 9436 3501 5404 7984 6481 3846 1578 7987 7184 5646 4117 4940 6032 2361 6794 3510 4729 7474 1833 3532 6445 6384 3867 7022 446 6318 4674 7773 4807 4973 9931 7867 1039 857 9438 3708 3319 6170 7641 1276 3601 723 1787 2183 9762 3921 2459 2141 9516 4368 6427 1559 3122 1189 8662 2876 9413 1344 7510 7433 8000 7703 4798 9406 3295 6983 2883 2748 4542 5086 6501 6613 4504 594 5008 6404 5133 2232 801 3528 5317 4477 708 2353 7285 5024 1710 4706 6255 3115 9458 5187
183 3050 3055 2658 2148 6947 6585 5706 9030 577 3018 7006 4397 9089 6120 4832 1098 5234 8823 4711 6711 5356 2931 9260 7575 9056 5264 4293 8601 6399 5075 887 1529 749 7864 9010 9150 7079 9640 8177 6327 3105 9015 3590 7117 4989 9275 9404 8248 1564 7429 660 3133 8020 5993 1185 350 7043 7665 4035 3693 9263 157 6317 3308 5719 5458 7098 876 1879 9142 2388 7341 5897 2657 4090 3928 4064 483 9328 7887 9180 3266 2968 2257 5548 4484 8422 7888 1380 2142 4527 9584 7546 5911 8875 7292 4616 2851 178 1599 5790 4232 6673 9346 6477 7486 6335 6340 602 2654 3752 7214 8025 7169 1280 1970 8517 68 39 5752 6625 4233 2922 3723 2722 4312 7877 3416 7075 9766 2833 3947 4491 2005 3955 3371 4946 6849 5965 3958 5201 8928 4084 3586 3610 453 8304 5415 3423 7950 142 1205 245 6952 9839 3517 8891 3177 5350 5454 5336 7748 2689 5796 1173 3258 7468 9418 2321 9937 3795 5452 6405 5996 8887 571 5226 2682 4929 459 4887 3728 7137
187 4495 3202 5421 6692 9995 4498 8462 4863 7234 7047 6736 265 844 3318 1277 6581 744 6588 5112 2184 7364 282 5762 9721 7603 4365 1187 9031 9138 927 5972 340 118 7889 5763 5430 3651 7935 9659 4344 380 9700 676 8046 3945 9578 6380 1761 9077 9221 9836 8286 6855 3352 1716 4027 5870 6225 1560 372 8155 2256 8750 4138 6306 776 163 5218 6634 7012 8296 5417 4409 9841 4292 8522 6527 4475 6741 4066 6079 1206 119 7989 9196 6026 3170 6391 6945 5448 9262 9367 3674 3824 1709 750 8509 7602 4950 8461 5383 6748 3987 3383 6231 4422 8464 337 9610 9021 6479 6930 1517 7260 4499 7537 306 2166 5016 5051 381 4349 547 6800 6774 6996 4091 4171 4513 6500 9149 5612 8706 5385 5056 4296 4759 9767 4644 9098 5384 9564 2763 21 7791 9715 4245 5408 1416 3705 9443 5641 5322 2871 2932 4054 797 5204 5892 9791 3576 3572 7517 4043 6149 8110 4305 506 2903 5744 893 4030 8430 2914 5147 7565 1900 7654 2212 5661 8369 3739 6870 8932 2320 8927 8380
191 3793 5128 7444 5475 4391 2672 5912 7324 878 4867 1327 6783 918 4541 7657 4380 3658 5158 6469 9903 1258 7821 6038 6562 8115 8924 8385 946 770 5904 3588 228 9734 1645 6132 3361 1210 9857 6017 6463 4320 1149 2866 4561 2496 2614 1358 2330 4369 1241 6740 6193 1446 1325 507 9710 8185 7884 3329 664 6856 7033 4160 2991 3670 2945 202 6512 7761 2316 5302 7336 9065 8735 8410 5589 9746 1431 4830 3345 92 6374 9603 5143 7588 1395 1264 8730 9562 6370 3617 1062 972 6344 9684 1772 8044 4329 4280 1246 9227 8772 5611 9410 5958 8974 8675 3554 1298 6084 8853 8104 2917 1683 7990 8566 4683 558 7804 8223 6305 3639 5544 7381 1484 7349 3571 8843 7275 9694 4119 7491 4544 7978 2765 6769 5471 9540 7997 6171 9224 890 5379 837 5998 9411 3939 1226 462 2832 4796 6178 9648 5624 2023 9168 5537 6266 4006 5456 6584 5243 1367 389 5654 8751 4965 1100 6609 1373 5045 2575 3312 1346 1313 5380 235 7591 56 9858 2460 9247 3979 6537 8406 402 4846 8441 4587 3236 9844
190 8107 5588 7456 899 6888 3027 9794 1309 6001 5879 6928 514 4847 5756 794 5846 4350 5863 8081 549 2739 8192 6474 8437 8421 666 8432 8048 3168 2442 8125 364 3775 4257 6823 7126 4147 4092 7467 8140 5825 2259 7598 4697 3827 5662 1747 5029 4976 2680 2497 1753 4383 1988 2305 1613 8411 8679 4617 1783 8116 8758 4563 3151 4732 4052 955 9994 7894 3952 6815 1302 1251 5052 9872 6289 3291 2507 7183 9728 1853 9392 161 6348 7809 3549 1266 9565 498 7207 9909 2322 4952 2646 115 5041 646 7767 5699 2403 9616 5382 817 79 6851 54 8992 3633 2293 9172 9283 9074 1498 2408 1942 8628 1336 4518 9527 1973 9408 4364 9523 8858 5955 8467 3662 1037 7650 3108 9905 8714 3057 9882 2839 9643 8279 9736 9243 4806 540 1320 1151 7567 6147 3656 7829 2778 3433 5070 9412 1750 123 1724 5806 2695 5722 7310 7438 6649 8788 5657 3316 3154 8547 122 2831 1253 6635 2472 6315 4241 4057 3142 2802 675 1121 3286 3392 614 3046 1009 4099 7503 8715 463 9830 2797 4822 4451
192 4162 587 8592 5811 8244 1095 8990 6274 4110 2247 6733 1736 9601 7934 5859 6475 3768 7041 5533 7339 5581 1996 2886 8894 6738 1665 1316 3287 1867 8382 3817 3800 9892 2830 6063 4624 8810 7289 8350 1618 7610 3769 5159 4211 8207 5341 4184 6448 5340 5334 1049 5542 3125 5274 6226 4984 4221 1808 9185 486 6710 1985 8945 9163 9943 8194 6728 9807 4557 349 8589 4148 8122 5948 5769 1420 3402 533 4137 2569 8361 262 5466 200 4925 7445 8197 7442 1713 9913 3363 7412 88 6491 5055 6522 1254 6558 1259 8623 7271 2583 700 8111 1732 2751 7426 1110 3089 5742 3707 3038 9708 784 3542 7901 3175 9510 4633 8576 9990 5177 66 5638 4734 439 6185 1762 6486 2072 4612 6088 2562 3622 3569 95 1684 788 9627 93 9311 5873 902 2954 2445 1678 2189 6980 1648 6360 4039 5606 803 4896 908 2593 6018 8614 8153 7636 9782 7134 26 7558 6125 3999 4037 324 7777 9871 5619 3805 1766 4939 7616 7422 6520 705 1361 5173 7647 3230 1144 3608 4691 9629 2775 2027 5751 9158 4827 9401
226 9040 8747 2892 7553 736 4169 2271 9055 6976 4805 3006 3417 6199 5738 2162 8424 5388 6708 7960 8780 290 2367 9752 9673 3454 4440 8688 5206 3506 8493 256 3421 3227 2261 4155 5903 1040 6166 221 3559 9078 6461 4536 3178 2342 3564 3587 1014 2875 30 7733 2944 7996 7834 5682 3189 5297 1895 7382 1980 1689 934 3766 9014 4769 5412 9947 8347 6361 8030 1725 8098 8979 3156 9439 7253 7087 5161 8656 5976 9772 8621 7002 8083 2289 1845 8160 3756 9820 5767 4231 1844 62 1756 9114 2137 9233 531 5 8709 251 496 5435 2706 889 5553 8480 8022 8114 1904 5843 4430 4646 6253 1001 3223 6430 2270 4954 7555 1429 2612 4778 954 1388 7709 1020 6535 6258 7062 1870 8704 9701 2598 7630 3606 3893 8237 2376 4447 1699 2927 3448 8190 4482 5482 9482 2479 2109 8045 4615 84 5089 2503 1334 5498 1273 6580 5124 1604 9459 4124 1178 2519 1370 6127 3137 5937 9475 1976 2551 3283 9666 1503 9372 8612 7601 6440 4875 4133 7136 9709 3933 7476 4496 6772 1587 6201 5010 6490 7851 9621 391 1575 4780 7362 4772 7814 4367 4120 8881 5170 995 4363 9164 4163 2501 5845 71 9249 1788 1398 3495 8066 9037 4649 1323 7231 9455 4745 4468 6330 2859 2999 6626 7681
254 8100 745 7931 7613 2777 2752 4335 5491 959 1731 7542 1354 3253 2982 5549 4547 9066 8602 3201 2458 3023 5087 8456 6610 3058 3855 8297 6860 5629 6281 5310 9018 2441 6298 3611 2670 267 6916 3602 4927 7634 1811 3684 431 5733 4937 277 3703 2140 4068 371 8531 4195 5876 1317 6876 3657 7743 1796 4621 9058 2355 6920 6516 1476 5363 9054 4902 8445 6600 703 7003 5240 3900 4802 3883 4435 3543 9624 6961 1889 7618 5852 6702 7375 3216 7512 2170 6624 1527 3935 671 441 6129 2666 553 7198 2835 2742 8774 1394 3851 3484 9487 9119 7781 8831 9919 9787 6997 8508 4658 4776 2960 2796 3934 1306 6415 4723 3259 5461 3101 9462 3536 9394 2267 4567 3840 4109 3640 7753 8618 5529 9159 9053 9280 8682 6442 6497 7918 7023 8723 6130 3257 6690 6204 6408 1181 2746 5387 7490 1160 4183 241 1452 9137 74 7832 2153 1908 305 4725 9952 4156 8848 9240 4143 6901 3847 6792 2156 804 5200 6593 9656 5991 3995 9755 3482 1522 7097 5032 2182 5504 4324 8877 5292 2302 2163 6506 2087 2907 4337 6886 3761 6531 6118 2438 6669 5269 309 2440 1341 1330 1490 2264 7413 5325 9047 1730 4991 9080 6034 7587 3370 7625 9875 8006 8820 1292 1093 3892 7545 4653 1768 832 1260 4591 1804 9950 8930 7202 2743 5709 5397 8722 2538 599 4046 4002 1496 2396 560 5121 3731 818 1376 5169 4161 5938 5042 3358 13 1633
258 7258 5973 9493 6364 7105 2157 2904 7961 8097 4227 7009 7298 5496 2710 3702 6845 3873 9805 1825 4828 9300 312 4419 4186 8360 576 3963 2419 970 4291 2394 8967 9451 4327 7855 9429 6615 7018 4286 5959 1877 9120 713 5534 1964 7672 6857 7054 9538 9779 1726 5636 1357 7096 9465 9474 6067 7836 2076 8977 4357 3527 2546 7420 523 7790 7915 6663 2265 9761 9468 6104 34 2059 3530 682 9696 9397 5236 9317 4086 4540 535 9747 4501 3260 8836 6716 2956 3927 8448 3541 1770 5956 680 6227 867 7410 4809 9101 2151 5995 6785 1299 4774 6062 7707 840 5512 753 771 1332 2068 8556 9613 6957 6661 7032 7857 8883 2500 913 943 6666 6578 1058 1986 5881 171 3235 9831 7799 4313 4715 9353 1118 5813 949 375 1257 9999 6906 7344 8889 3010 1935 6331 1679 7825 7699 406 2609 6345 6493 3279 2139 4314 383 3597 9960 2687 2143 6854 4100 3040 846 961 5331 1686 612 4975 7434 4595 6939 4288 9293 1283 8278 5693 6781 4815 4392 1663 1677 1659 5351 2469 5856 6933 9473 6513 5858 8299 8591 3144 3937 9229 6905 5319 6601 6754 5887 7696 6049 352 3751 2311 3946 1507 3671 8484 8396 9169 2635 7334 174 1863 8069 5907 217 4011 2937 9447 5731 7995 6222 7859 7209 9421 2772 1651 4632 3678 3630 938 9334 1865 7658 9714 1847 8873 1742 5073 652 4224 4238 2815 5301 5808 598 4810 5865 4228 6653 9658 3294 3814 3420
292 975 4992 8605 4182 9050 1003 8884 4351 199 8435 5681 2788 1612 2845 7323 4339 4906 7020 2132 5231 1681 8620 8914 2206 6012 5621 2916 7141 6735 9924 3718 8096 545 4170 3688 6296 3159 3284 9145 2996 4839 8349 1834 8193 7947 9393 4985 4877 9618 9589 3912 6968 3384 5069 9998 6515 4645 1087 526 661 5235 3408 4237 5655 6070 905 1600 7164 9019 2315 8214 7738 4915 6724 2518 8283 2372 8259 2809 8475 9933 9216 1474 7182 3162 6739 1449 4218 9467 4390 6394 9650 2990 1311 2948 7739 4411 8071 5708 8861 8825 7102 5022 1969 432 7721 2764 3514 3807 5287 835 9936 8663 907 9160 9637 1224 64 5714 8725 831 7735 6955 5930 2075 3798 2837 659 1528 8062 83 5908 9953 1792 2230 6831 159 2591 6859 6417 9024 978 7201 1136 5774 1843 2523 9310 1002 7717 8001 7548 7870 582 3478 2055 1652 7428 6773 2381 2827 5677 739 4968 301 8050 4857 4843 231 2560 7280 1799 4416 1438 1353 2714 538 4696 8367 3053 6472 2236 8354 1502 2564 3837 7975 9539 3876 4359 7174 806 3866 2339 5755 2319 8241 4978 5262 953 2590 8151 2054 1671 5776 7712 5707 8052 6668 2783 4903 9144 7439 192 8204 6322 2522 1832 1712 8156 4845 6544 1305 298 8124 6940 2975 1824 3418 8334 9566 8364 9396 8063 8389 6027 9579 9087 6685 5853 5711 6572 5081 9303 5634 1640 1439 9534 9769 1764 2358 8447 8213 5116 2807 4104 2939 7980 1408 8652 8321 8138 3477 2965 5564 9588 5228 5020 3020 36 3149 8839 8365 2600 4676 3381 5188 1779 7533 5877 3620 216 7370 4018 9660 2248 4249 6927 2437 9907 5468 1012
294 5798 419 5531 4332 1158 8408 7963 2532 5837 4596 3664 5261 1165 3275 1668 1355 9041 7269 9192 7991 6009 476 3353 114 8993 5736 9373 5847 521 8999 2453 1035 4115 1017 3073 1883 5469 6701 2803 5585 6587 3297 1949 484 5918 1269 9278 4070 7070 6548 976 3720 5728 7025 4853 9792 548 9464 4855 1198 2240 2454 6586 4613 6025 5851 8146 3379 2863 3145 9870 8438 9586 11 8258 6076 3152 8794 3063 9679 6194 812 1023 1033 8991 8729 7262 3076 6164 7176 1658 7109 471 172 3653 3878 4318 8158 1015 222 6802 9812 2080 9661 5163 4768 500 9441 6482 5151 1714 6466 4178 203 2536 6416 9432 2327 2049 472 6807 8815 1050 958 8134 4385 2374 5178 4217 2977 1793 8142 4123 7204 856 2395 3860 8632 1614 5006 5939 7759 2263 1401 1230 2606 5924 2223 2791 9970 2300 8755 2420 242 9384 2238 3614 5427 2768 556 19 2681 6272 6555 1436 5021 477 2905 5084 5453 971 4538 7878 3215 168 3399 9930 6768 2299 5672 18 8987 8660 2926 1128 1646 3624 5815 3619 425 4849 6915 7551 3489 3984 3378 6396 4926 8633 6671 8538 5954 5721 1911 3197 2113 6981 4470 7489 9495 331 7106 7279 9146 8899 1491 9506 7691 6252 3558 3078 2344 9230 7376 2325 475 9633 8178 4741 3931 5181 5494 1866 9362 2674 1454 4019 7820 2154 355 8320 6283 9198 8739 6632 9680 6518 4012 5652 4297 564 2278 3737 6511 417 8351 5730 5291 3109 8330 3990 1322 9722 9989 8379 4080 7170 2473 6507 7259 5119 1763 4208 9179 5566 9940 8789 9129 6299 7608 2235 1706 7034 4579 3665 1443 3037 3212 8586 8595 8434 3843 3090 5139
296 3545 8257 1907 7692 4220 874 7011 4262 2244 3581 2058 6022 3442 5483 8343 4568 4638 44 2074 2402 9079 9096 8812 6720 2639 8500 120 636 6478 4986 9667 5933 9716 3792 2702 5524 5288 3488 7815 6094 580 5616 9170 3774 5679 3385 5970 3634 1034 7737 505 6540 4532 6607 6013 9703 5600 1576 4856 2362 5936 1654 5184 9232 7133 5883 6135 5946 897 7391 4669 2525 1624 2303 643 15 307 7716 2123 9712 4289 215 6909 1508 2568 1661 525 5473 8959 3225 6722 7228 4269 4406 2228 3841 4892 5205 5543 2001 1987 2219 686 1445 2972 238 9626 5422 3093 3234 8415 1819 1801 7037 9581 950 5601 6510 768 4873 3206 5558 6837 2637 2552 994 5017 5901 2848 7314 4263 3347 4319 3661 4747 7599 2102 3008 5098 5324 8316 395 9046 7946 2825 3211 3193 2152 6270 6875 4004 46 2572 270 1086 7945 9944 8264 3864 8659 5290 807 469 9112 8262 6560 2283 5910 884 3976 8108 7150 5093 5694 8902 4699 252 6086 1414 7470 3675 5890 2936 1751 9388 4933 2698 9651 6160 7168 4599 1369 8179 7192 1497 5416 5827 3923 6700 5520 8766 8109 1690 6958 7004 2273 6006 3427 1977 6633 8797 1519 4414 1127 8306 197 781 3410 433 7811 8120 5906 6873 3746 883 8355 4168 5221 9865 8327 5597 6881 623 7044 3097 7688 6488 3024 7222 8210 5666 1627 5254 7313 9524 9861 9244 2187 2630 7492 6503 7250 1024 8070 7140 7848 5410 8635 6862 7287 3874 2868 5867 1827 1573 9678 875 317 329 2511 9860 2844 3910 2462 3753 177 6963 3823 3916 3457 7949 4003 2566 2110 4607 4838 8377 3709 7237 6207 8609 3862 1593 3779 5035 2988
296 7830 8798 5773 7967 5781 9788 1396 8452 9521 2194 9186 9886 4094 5715 6077 6046 1315 9174 6656 7522 1377 2933 1944 7668 4526 8804 3694 9935 2178 7007 1222 2231 6667 5198 4301 4970 2955 3894 7379 2077 3394 5630 9400 9585 5820 4905 1337 7099 185 9022 4034 8828 1483 2343 1621 8270 8962 5057 6073 3251 8042 1711 6333 9248 7142 6571 9036 6620 8163 7655 4795 3333 8651 3188 775 4226 8785 9008 6536 590 5925 3886 8014 4890 2770 6715 4382 5493 9922 6723 8080 7609 313 4445 4953 8348 5283 5595 5782 3961 3127 2973 2779 5465 3552 5433 4474 592 5605 3390 9329 2292 2052 7294 6432 8749 4140 1064 1642 5038 3486 669 8263 3406 5770 4530 6028 6502 3267 38 7404 7049 6368 4247 6921 4605 4152 1459 7015 8338 8855 848 4328 9433 6313 5072 4604 2878 9572 8085 4394 6412 9151 6309 1402 8129 1776 3059 8610 8673 6246 9457 738 9544 8537 8093 4024 8282 3229 6053 9442 8765 6136 5727 728 4720 1406 8650 1552 8904 3941 6484 3810 2282 135 9267 4458 3977 7757 7552 6636 2599 8315 7299 1913 5420 2867 7689 8073 8871 1962 1499 4979 7072 1571 3424 8225 5695 7081 7939 5849 3274 6191 2467 9304 1754 827 5659 3269 1990 2769 6036 7774 5675 1126 1462 4377 989 1530 1233 2120 7729 1089 8312 4971 8309 6943 3033 8206 8574 2021 1688 7057 8563 369 230 2323 5761 2924 1514 1113 7437 2287 8137 8217 1155 6157 485 7300 8300 4478 5602 2205 4999 4801 1162 1702 919 1389 7644 1928 6056 5982 2834 6397 7367 279 9110 4552 5710 48 6809 3523 7559 9902 9749 10 7578 7385 5935 9343 6148 3682 9287 6106 3300
298 7725 1028 6450 7778 6804 9717 9365 2647 7138 8542 4175 5280 3744 597 4782 7979 1284 6080 2870 2035 6797 2849 2083 5418 5444 2314 5757 2242 5329 6060 4515 9097 3758 5153 962 6381 7220 1609 6375 4770 1368 7239 3743 63 3565 3673 4566 1366 5136 328 2912 143 4202 9731 6846 3336 4704 8487 9484 3453 7906 8059 4620 8513 7796 91 7793 1216 981 7053 9321 213 5050 6188 170 6648 1043 7581 180 1626 9211 4752 233 5637 8545 7632 3309 600 5338 5768 6218 7340 9357 401 2281 5295 5101 8856 5522 7013 6458 9682 5729 7040 2976 9763 8646 6339 5759 642 6410 3660 384 9358 6509 8255 7390 9265 9912 1297 5527 5377 559 3930 4197 7629 8762 5479 6434 7823 3567 3398 8235 684 7387 4701 7284 5484 5511 4139 7191 8481 8918 6265 6145 5266 7472 773 5783 3868 1718 569 3600 6753 734 2559 2266 2640 8648 3157 1951 2693 7730 237 1566 1869 2269 3796 4942 3450 5144 8478 58 9039 7071 7593 3679 35 2953 7627 2860 638 833 8131 4180 4408 871 2383 9197 9985 1992 8562 3200 3680 9723 929 5747 8390 3472 8168 9899 903 4578 4974 4982 8328 2446 5507 2929 3186 7177 9891 6101 5521 6903 2533 1104 3217 1802 5812 6097 3505 3740 6059 9314 8603 1551 2474 5312 3265 4592 6487 2627 9732 2190 6480 5303 9252 4040 6693 3077 9817 2548 6005 7473 3430 998 777 7008 7101 9846 6267 2010 8893 4569 255 8268 1619 7769 3833 9090 9440 5108 8087 5535 5649 5795 3184 5571 1016 2894 8164 3321 5113 9536 7540 6539 8700 3263 6182 6694 519 952 1448 263 492 665 4166 325 7789 7841 1803 8181 8239 8727 9826 3148 4415
300 7135 4880 9059 5499 7291 9494 4876 1281 2197 6582 999 1211 8983 7158 6144 3469 7862 3437 4209 293 3741 8061 353 4205 4452 7469 504 4059 6411 2978 6914 1081 7708 8135 4015 393 6092 8955 50 4270 8550 9910 6293 1676 2071 4176 4009 4681 5082 5175 6891 2934 5326 979 6187 6974 368 4667 4891 2509 2099 4660 1019 8240 166 8965 7816 4103 377 7225 6467 8793 2297 9789 7752 6880 3375 7024 2086 6566 1065 4825 2285 7670 481 99 2951 8937 6334 5942 8051 5999 4861 1603 4032 2541 7088 6884 8954 791 793 8167 7500 511 9153 8822 6349 2887 697 6936 7605 7189 7465 1549 1256 9424 7028 9428 9825 9470 1929 1930 6343 4215 4388 8465 8359 8690 9488 6628 2610 9925 9986 849 785 3199 1295 7084 7938 9859 6376 4550 7233 9592 1132 6287 6599 7981 9088 2369 3238 8076 1952 4049 8019 7723 1691 2785 3772 3233 2792 3310 4353 3550 8455 1288 2703 3256 3994 3806 5118 5551 8387 9356 1544 9645 7496 8238 4423 2629 4961 8615 4417 1955 1505 8997 4493 7631 1383 4546 9688 1910 3808 2168 3449 4000 379 3169 6932 9290 7042 5703 1899 3676 5671 5921 5869 9361 4277 7493 3036 3290 8472 1777 8953 8642 9176 2756 2368 6605 2114 6362 6782 4056 5183 8245 5137 757 2671 3951 7026 6329 8619 6944 2941 1018 2738 9955 8692 1630 5734 148 4947 9124 7504 6638 8701 3854 1902 1999 8946 8191 2100 8734 1052 1997 5242 6778 8885 1933 1172 6763 1184 3446 6913 1430 6798 7652 5967 6377 1410 3623 3745 509 5273 3747 2432 808 8095 3245 5882 9949 7705 268 5131 2555 1734 2034 4097 7905 2009 8778 9354 2918 7045 5676 3118 735 8740 4848
300 9004 5620 4479 9550 8936 1319 335 6230 3121 3722 3003 3522 2042 9690 9205 7129 992 4761 4573 130 7477 2089 6494 6514 3415 9134 1568 6567 2544 4548 4154 8094 2542 3221 5185 838 4935 1818 107 5538 5125 1027 983 1972 3632 6113 5044 4775 7263 727 8256 4235 7116 1112 8370 8792 2776 3760 5126 6421 3396 6595 2173 410 4700 9108 1664 4167 2008 5272 7782 725 3052 9926 8940 9617 4347 9594 7755 6882 2981 5370 5667 8769 2942 778 3959 9713 7347 9705 2222 8578 6689 1975 5818 2018 8280 2275 3672 1070 1044 5793 8668 3447 1790 1846 7427 3075 709 145 1111 7435 7478 7506 2291 229 2789 4600 1525 900 2466 2192 7321 5134 5477 147 455 1451 1274 7215 2986 1989 1106 1700 2243 4020 8378 7570 8689 1045 1941 5405 7985 8319 5519 1099 6918 8495 3969 2545 4223 2062 4464 7246 655 1007 5635 9595 7353 4556 3086 5746 4712 2400 9981 2524 6389 4932 4246 3070 5150 6424 9092 9753 2255 4333 7874 8736 5413 7876 8557 3915 4523 4302 3986 1915 6762 4589 7317 5423 5013 5037 5673 3092 4199 4748 2061 4680 1175 820 7115 6262 6154 3695 6780 7740 6000 2384 6786 3247 7377 8892 24 8776 326 9653 850 7653 5569 754 6319 9125 7683 4490 5567 9255 7173 1456 5639 1457 7065 6543 409 7983 3462 3711 4558 761 5864 2107 6002 2644 5138 2202 679 8325 2684 4207 4648 4517 9702 5779 3535 9272 5916 3551 7868 1891 8923 2799 6912 8908 4191 8072 341 1740 1492 9234 6999 8533 7480 6750 4153 2898 8699 6598 2823 1423 6681 1657 5926 4073 9853 8172 6284 5656 7526 7443 7680 4912 4789 6954 9687 5424 3832 8149 7910 1083 2149 616
306 1954 7146 8477 5265 7513 7200 706 6814 2794 2959 9719 6392 7660 70 9856 8616 7223 3578 7677 5978 9324 2272 2345 4255 5156 1829 7936 563 9184 6214 2000 1157 4996 9622 4460 6998 5203 1981 189 2604 7509 4455 7368 4042 895 8719 8541 3132 6811 721 7252 842 5992 7178 2127 5893 9526 8565 8627 6245 8498 8956 316 8512 9061 7847 4640 6766 8342 667 3898 2676 9167 6183 3429 683 7801 5227 7751 800 2634 141 6278 544 31 9793 9537 5902 9342 9279 6039 3604 4694 3932 1225 3128 4677 2700 8728 3474 7530 7776 1512 4787 5574 3993 2613 6354 2392 5802 1072 4608 5688 3100 1784 896 2200 7501 9425 8144 3975 2105 5213 4808 4428 1701 3511 6867 8026 8969 2360 3207 2326 1835 5509 7988 3087 3317 1733 5077 2483 4112 8743 2840 951 3249 2506 6407 8402 1978 8771 2233 502 7726 4750 2806 6682 7019 4623 8326 5517 5043 5898 9889 7833 4793 3858 6008 8677 3360 3770 2713 6964 5229 5536 4739 7701 9347 9605 9896 4626 8712 8311 5829 9800 870 9245 5854 5315 4678 4977 1917 619 7971 254 6529 1138 5306 9492 9048 7267 606 2126 6608 2357 2227 7206 6822 7288 5289 7400 7908 9580 2729 8332 5107 7571 2016 3605 9662 1208 763 4571 7958 6332 3268 9271 8895 8824 6209 5613 450 7722 6990 5844 4794 8968 7160 687 3531 6326 9007 365 1532 7622 2218 7643 3750 6019 6758 2216 9067 4384 5393 3328 5525 2633 7416 8459 9583 8580 1168 9309 3147 9707 4330 9838 9917 5140 5088 1215 8436 8420 160 7145 9991 742 219 5720 6676 188 7421 3305 3443 974 4343 9395 510 9503 2989 7930 6833 2645 125 1636 2800 1359 8139 129 3463 5697 9327 8986 5587 9535 9822
318 630 7779 9420 9032 6124 5583 8251 6830 9391 3949 1546 1404 3491 427 8362 2958 743 3765 2277 9200 6563 5403 3573 435 6010 2241 9869 3386 610 4457 5696 6058 2985 2340 4588 4641 398 3887 6597 8003 2771 3475 4766 816 247 9546 7338 6454 9923 5308 1228 5920 5945 5085 4486 3153 2784 3645 9498 7308 7396 4253 8544 2643 7236 8162 2685 9577 9740 259 873 2709 2678 4913 758 503 2306 3616 5330 8229 8742 8028 7569 9070 567 201 1563 1831 5919 9528 356 1180 5515 3436 9507 1487 2252 9890 1894 9726 2720 1166 8339 3647 6664 4921 4456 6977 5765 542 9490 3918 276 9182 2180 6611 6273 8847 2390 1270 3500 568 1153 5552 6959 4746 8212 1841 5094 8433 6559 8307 5704 2429 5668 5255 2656 3167 4157 6960 8907 2046 4878 9642 2527 1920 7929 5735 3000 7123 2203 8368 4236 4572 9148 3613 1385 6386 3759 8796 1708 5775 8926 3881 1130 9273 8105 7941 6992 9122 7720 8503 7343 8524 7357 3889 855 6929 4432 6679 9057 5396 4462 3180 4662 9692 6908 5828 8672 9810 813 9961 5505 2820 8694 7111 5674 4321 1145 6068 8851 8641 5604 4488 1660 8141 295 3957 2642 7684 9904 3120 8037 1391 4914 882 2370 2298 211 8336 7640 8018 8597 8518 605 4634 9552 6658 4639 2641 6565 3804 9241 1570 3466 8086 8060 4598 2983 9691 5400 7875 7155 2675 2262 8711 6810 7620 1212 1236 1427 2862 460 5222 1666 5390 2852 2317 3104 8707 3780 6970 2812 9242 5791 944 2721 6044 5875 7417 27 8546 5618 2414 786 5268 3629 5964 964 1580 7035 6942 4936 719 8808 1057 7986 2663 911 3844 8582 181 7516 9023 7119 689 3140 5278 1174 5923 204 3005 9231 9319 1979 487 3425 45 173 3369 2398 1872 6236 6677 5577 7005 6107 662
326 9189 9165 2811 8232 8617 3210 945 7244 7624 537 2690 8224 2104 5737 9768 9253 7498 4505 2857 5025 5572 1156 960 7452 1291 7046 8720 468 422 6545 136 1199 6300 6699 4045 4705 4402 53 9670 8911 210 7523 4816 5409 5480 5739 9478 4539 2850 4179 6210 1478 4713 458 7970 625 363 5321 2757 8176 258 2084 5296 8012 4254 4924 8779 7405 2970 3985 637 5821 8132 997 193 1421 3822 6099 3342 5298 8273 8864 3117 2594 4342 4216 1326 8473 5447 2030 8551 354 16 4773 2749 3334 6285 1945 2028 3124 5874 3749 493 2730 4719 588 3262 5451 3487 3828 8862 5230 6835 9606 7580 9084 6726 4708 1586 6134 6650 6138 7401 6864 6799 1919 3654 3303 6521 1197 3991 6248 6995 4959 9062 6621 6570 3480 7371 291 7856 4031 8284 6674 3907 3980 152 8123 9306 5152 5979 1912 4576 420 8186 6429 4559 5861 3080 2204 5431 7455 162 3655 2037 1477 4614 1558 1909 7086 2890 5917 1501 9982 8152 8117 7711 4735 2118 841 8657 6853 8799 7268 3354 8231 5099 3413 75 6095 2961 4158 5822 3241 7180 1602 9323 497 1405 541 7645 3085 1480 9266 6691 5061 3820 2250 2112 9833 6737 4907 2347 1596 1554 7242 3337 9816 2186 7436 8444 7403 5481 2407 6441 2821 5725 2487 8910 9883 3607 9988 3813 5238 9911 2136 5036 9500 7800 4967 4283 632 3699 988 8838 2731 112 9842 7917 8786 2451 5378 3362 9235 864 9609 1518 5232 1926 3179 1510 8865 3626 7596 3032 8275 3621 8732 5074 9569 7450 1485 7808 2574 6301 7001 6446 430 1335 1906 6083 3304 1384 8643 6533 6004 4884 4252 1875 7094 6304 965 1994 3220 3114 4472 8539 6414 60 4008 7690 9034 257 6091 273 5441 1324 7898 385 4001 7903 2304 2146 4239 3635 3323 6042 4145 5943 2422 6047 7661 7312 9348 2573 1142
332 4733 2717 2333 740 4714 3028 819 376 6697 3834 2011 3714 8536 2198 6796 4274 2416 6294 7197 9239 1030 9888 8976 4078 5960 6151 1707 4577 1229 8988 2554 8497 8803 5157 5091 9291 8041 3002 196 8331 4635 6861 4755 5104 338 1567 2073 8133 7481 269 7462 7710 2761 4716 7352 1231 5239 8489 1798 4823 9246 714 2461 6858 3001 5407 2007 3540 9928 8906 6141 1109 4403 330 3161 4521 7529 828 9111 7764 3307 1828 4689 7395 9879 5428 6051 3638 4610 5106 5839 8002 7199 9532 6114 8944 8381 915 879 7460 5698 9052 249 7724 2274 4268 7333 4203 302 3755 8078 3715 8717 8952 5064 6969 1468 6202 508 9813 7795 881 8169 6168 3155 9025 7356 1998 7614 8596 8222 5868 5526 3940 8583 3784 3997 7695 1458 8187 892 7447 9718 4345 8323 1914 8702 4159 9647 8202 4334 7304 3698 4983 2498 73 6439 2607 9804 901 9531 397 4955 2172 8866 4534 387 8737 3566 6714 9238 2737 7883 2245 6156 9760 9297 6221 1806 104 9402 1531 8741 8391 3343 3901 3106 2004 465 9862 4131 9499 5817 6524 512 9016 6229 187 6984 6197 7194 3809 52 1786 5030 3819 3981 4630 2002 9675 8313 5165 7736 3507 3322 4886 2661 2428 4841 5555 1749 7348 4113 9832 7320 8748 987 1240 5788 2424 7265 3172 7621 2962 530 928 5510 140 3967 7912 2781 4278 5102 388 1440 5683 7897 2352 6358 2053 225 2997 404 9874 9483 2667 2619 6372 7734 9313 1540 604 7061 5984 3861 9105 3642 264 3791 9916 3084 9635 3965 1797 5154 3696 8165 4427 8791 3043 6894 8600 6606 4685 4500 5540 6752 3920 6550 963 7423 6499 7080 7754 2464 7925 6672 1638 3461 3471 5625 6388 9920 7318 1296 4885 8613 4467 499 7335 8476 639 8744 9956 8453 8345 9754 7330 2188 4560 4740 8998 1213 1234 5780 4077 429 8486 3150 1594 3356 4665
346 6644 3830 4381 6583 3490 5628 3815 1125 4075 8102 8429 2891 8053 8106 3131 747 5376 1073 814 4637 8383 7067 4362 8584 2039 1393 8943 2773 9887 6117 2979 2280 4631 3041 2308 9051 6102 4871 8043 8874 3296 339 7360 2447 3857 167 2411 5438 5284 2987 9281 5745 6311 6181 4754 9771 9693 5344 1741 7745 4248 366 1434 1139 9338 8721 5474 5580 3875 1960 6037 9448 2688 8253 5772 3908 3034 4051 1214 5615 3311 4900 8130 8972 9403 3111 4666 7213 6200 2491 8511 5617 9504 8032 6950 3426 6898 138 9997 8869 1133 2019 5414 8084 9337 5810 7879 7933 6817 3254 9083 1662 4273 8670 7172 1948 3719 131 609 8886 9214 5506 7576 1653 2249 473 4126 7277 8261 9854 1639 9258 2557 2896 9873 3926 9497 3403 5801 7039 7921 3788 8753 9849 858 6464 7139 8024 608 7922 8960 3242 5718 2884 4869 4865 2747 4850 4597 2254 1839 4443 2026 9980 8870 9140 6542 5631 3326 1644 9207 8781 1195 2595 1535 4453 5359 5578 412 5914 400 2179 6910 2873 9352 5362 9332 5547 7842 956 7956 7965 2158 769 3438 4897 920 9744 5253 8942 4111 5476 1748 1735 5166 9644 8412 1343 1966 1415 8119 554 7359 6868 8683 4870 405 2938 7497 4450 8525 5905 3938 1223 9602 5208 966 5953 6821 5149 4072 8103 5450 6729 4459 641 7029 1628 7518 1674 1338 3789 8136 4022 7693 6437 7838 3428 780 1094 5559 658 4652 8963 4085 5593 6418 1791 3888 8483 2908 2549 9277 2337 947 4251 917 1032 1078 3948 6678 7282 8302 1932 4013 1135 8558 6614 7508 51 4718 4240 3973 7564 5083 2145 5724 4107 7295 6161 351 4684 9773 6275 7471 90 9549 5391 1116 6078 4306 3983 9212 1102 8653 6971 7584 8534 4481 3563 7056 2418 8761 3911 9431 9819 1817 8439 3158 407 3811 9377 648 8443 8984 4348 2577 7406 3790 618 5245 7794 4338 2858 6247 9076 7805 2543 6103 9215 1892 4122 4834 1348 2193 9422
352 7479 8624 7766 3276 5799 6789 9969 4943 4196 4928 3509 6473 3224 2715 2750 7675 8934 3261 449 2290 9727 4661 4872 1495 4784 7100 760 640 311 9208 993 3917 524 4375 8560 3129 731 5026 4811 3064 6496 880 8274 2443 6383 9380 2082 6277 2964 2652 8532 4994 7083 7014 6727 8564 8121 6519 2253 1905 2707 6629 1555 41 980 1482 550 1729 8941 4005 9900 9374 6826 5994 6986 3377 6081 1851 2766 3852 4934 3677 4323 7374 2225 6841 5644 7713 424 2161 2165 9983 6675 8665 314 4144 8850 6775 1511 8604 7458 308 7305 4387 699 9599 7156 3364 8247 5335 7817 8530 1129 4461 7649 9370 9472 5486 8317 9409 7742 2829 5215 1685 6646 1425 9299 7928 8882 6801 3231 1589 6254 9973 244 9141 1898 3246 4911 3612 1830 7854 3643 6988 6065 47 1278 4511 9220 156 2067 3332 8528 1472 4574 9628 9593 5392 5940 5097 6126 6820 7303 5127 5402 7372 5049 9476 4275 1897 1403 9349 415 4553 6338 4879 4028 3582 6895 6116 4173 5111 6291 1293 1051 7451 1464 3628 930 6907 2515 6696 1470 6356 8344 7818 1643 7968 2366 2900 6021 2051 1579 106 5988 6180 4593 839 2365 6455 5286 546 9190 5561 4434 1849 1196 762 9009 8005 9824 5171 1011 5623 207 4829 1488 6023 4187 5374 9850 7255 1562 7483 7425 6451 4412 9927 7113 716 5160 4898 7309 2475 8358 2618 2334 5922 2673 5168 1271 6926 7932 3853 802 5678 5701 724 4824 6965 4756 5686 77 4813 4044 9814 7940 6832 5366 4860 6746 4744 1717 8686 2415 6637 7637 8759 9827 2553 5878 2237 8985 8091 7783 7772 9750 6029 5339 9399 584 6140 2171 5080 8243 2842 935 5743 2669 9446 3205 1108 657 7519 2134 9209 285 5855 1397 3598 8764 9796 9166 315 5039 5012 7792 2597 9060 7746 6015 1805 8407 8468 6128 1150 8056 782 5464 8693 9093 6155 2617 9177 5459 872 362 8819 6131 2786 1314 1207 2097 2754 6271 3577 1191 7073 8695 5120 7273 9417
358 9829 8767 6261 4299 9996 5497 5300 9322 6379 6212 4287 7617 5155 5189 8787 1048 6385 6228 1318 4307 8830 9005 9741 2456 5132 2817 8573 5353 517 1245 5826 8388 3534 3503 2476 4026 1411 6994 4276 8126 2470 8180 3021 5103 4980 3404 9033 5716 9203 4466 1447 116 4951 7583 6426 7055 1219 8431 20 479 4785 4181 2847 2718 4851 4781 5886 1193 9706 426 8529 3895 755 3407 2774 4213 921 2556 9803 3856 9094 4358 2790 8463 3051 5814 6033 8276 6357 9201 4016 2014 9301 9743 1159 5463 4862 581 7108 1192 347 8833 741 3956 1745 8569 826 3904 8039 7110 3686 4594 8049 8863 2433 2096 9914 9725 348 6776 7366 3 466 7127 2468 4282 9345 6749 4079 4267 7247 1967 9993 4512 821 9669 4788 2705 6352 6827 5950 1500 7157 5990 7205 7749 4956 9379 4083 7547 6525 2484 1927 9251 633 678 5665 4520 176 6793 4945 2581 1134 6877 6459 5318 2380 2196 9563 6528 6223 9318 6444 4709 4654 2510 5523 169 4101 9641 9992 5237 5550 3646 7171 6808 7556 8092 6554 1965 1131 7487 3015 6342 2208 1475 5805 7532 2268 8013 9509 8393 3944 1746 5584 2971 9893 2628 5857 411 7863 8929 7495 4525 4250 6973 7626 3441 6911 8878 6523 6292 5894 2463 628 76 37 9695 2735 513 416 6573 2759 7595 4570 7103 9945 9733 4177 9884 8170 7322 6706 2234 7590 1704 5349 4405 2043 3388 8872 3584 2716 7358 3039 5832 4454 7151 8451 6652 3079 7520 4997 805 3293 6966 6879 6133 4837 2069 4494 2696 586 2335 6549 8440 7159 5860 4717 8842 2901 4960 2804 9496 3054 4844 3165 5969 1868 442 9806 9259 444 6087 7916 1807 3391 9360 5167 5541 3458 3357 1235 7494 7036 862 4916 1386 3348 1067 2744 9735 9881 223 1864 6803 968 9963 518 1204 5214 7849 9976 3603 1252 8636 7676 2452 8506 6176 6280 1351 6137 2782 6631 8816 1378 7750 4243 2279 9604 1959 7290 9665 7461 9801 2563 2375 3419 9308 1242 7619 3061 9553 9951 8392 8888 5304
364 4818 8697 5880 4442 779 4242 4502 2636 6485 4400 1170 8403 6163 1455 7093 8230 2947 4831 7534 5685 990 4575 8599 8233 3794 7974 996 787 923 5000 4007 3533 1076 1342 9011 6142 6048 6790 9381 7952 6406 4969 8075 9698 5609 7251 5470 2417 6316 6064 9017 9548 3594 6899 575 6731 4993 2003 8901 9115 5591 9453 8218 394 275 3355 8394 8773 2854 4076 8374 8409 4602 3850 4963 737 9123 5599 5748 720 4899 6320 8372 2683 851 982 9758 4668 6321 8726 4413 9479 2787 8294 7909 2022 6016 6457 436 764 1418 6297 8499 585 9508 2708 2762 2885 7597 4918 3754 4063 2530 8488 9363 1063 6045 7592 9837 9852 3163 6324 3382 681 7261 8897 5977 2284 654 9646 4014 5305 3069 8896 6471 5603 7249 1993 2632 8200 7418 957 7977 3335 2377 1203 6777 2207 7700 6152 9359 7211 5658 6043 4895 925 783 4721 2879 9541 6869 8811 6431 5092 488 7091 5401 2587 1262 7082 1538 6175 4908 2877 9894 8221 9575 6241 1673 8494 5462 8289 8948 2167 9745 321 2758 8577 7741 3859 9414 9286 7890 250 7243 2410 9795 8527 3049 7153 3185 4374 6353 190 3209 8371 1079 1958 7803 3344 69 9774 948 7027 6428 6836 5105 9699 8523 9029 5573 6680 7923 3919 8718 6011 5554 7316 6179 4519 3962 3195 113 1275 4281 626 1922 7787 3659 7900 8638 9187 137 3107 6623 1698 8341 8055 6709 650 59 5257 5971 6505 4185 6495 566 6863 2734 792 6602 9515 5130 8308 9979 825 3704 7561 615 1289 4448 1232 7384 8047 1774 2889 6195 7345 4410 2909 17 9877 7797 5931 9868 212 2915 555 7806 3513 5212 3431 8708 7718 3088 1520 9972 1672 2387 124 8515 3116 4136 9390 726 8664 5031 3801 1349 7824 7895 3524 5294 1778 3666 3829 3351 283 3074 3561 7272 7536 1068 2465 3208 1356 5545 2521 1837 6211 1921 8834 320 2620 2063 596 8982 5354 8951 3281 5560 474 1569 3481 7120 8658 4655 3331 9834 8147 1795 1096 2622 3786 1004 6146 7114 7882 5411 7999 182 7678 3537 7124
370 9068 1823 8288 1435 9957 2116 4889 4672 3366 4529 3742 9978 9274 9547 7270 5426 4820 2741 4258 7911 7030 5443 9072 467 4522 8814 5333 7762 8844 1 7844 4396 1392 2006 2911 5568 1775 3562 1635 5346 2133 8526 7846 7000 1422 4151 2974 1634 8009 3243 3083 9519 7238 4200 8171 3067 5135 6897 5833 7600 3434 7266 2576 9798 6263 3017 6409 861 6003 6923 5594 413 2940 246 7679 1934 12 4858 6551 4931 3464 4629 694 4738 7186 7732 8647 7539 9964 7972 3320 3264 6251 4883 434 824 1553 1006 3547 9631 8958 4533 6643 7010 7346 1022 5789 7937 4698 6641 3176 2861 4964 8957 8752 9770 4771 8845 3103 847 9620 1781 8112 8570 2963 1876 234 6922 3497 2725 7419 8384 7913 6806 795 1101 6208 5753 5114 2131 9941 5803 2489 4210 5046 1703 8161 1773 2029 209 5570 8015 7163 2517 8215 6557 1473 8008 6055 8127 5109 931 829 2540 5174 9625 1789 9139 297 5360 759 698 8265 3583 2495 9786 2732 4146 6346 3968 647 9195 515 9764 2488 8806 8676 1547 1074 5048 656 2529 5259 617 4361 4311 1426 9757 452 1244 8903 1848 1352 8581 3667 8314 3521 5023 6395 5713 4125 8846 1294 2286 8980 3516 3943 9946 5530 7589 9959 7112 8088 756 2329 9513 2826 7190 191 5190 2436 634 6917 8189 6269 7853 4528 5001 1237 1437 5838 1669 3250 8064 23 8645 3066 2221 2177 3280 8401 6705 7802 9608 7527 3327 2966 6325 8973 8629 4804 8680 1029 9939 8961 6054 7944 208 6852 6110 2406 2605 4105 9571 1041 1838 6105 2351 7850 8277 5478 6760 7861 1881 6433 7667 1936 1991 8649 6303 1182 1036 4418 834 6725 4121 5785 4053 9298 9638 6203 1821 1433 2224 2444 1878 8857 3239 4444 1556 3068 4854 6024 8678 2780 8004 1882 5975 8016 5778 3863 6843 3929 1080 3166 6687 198 1465 2047 9559 4294 4065 5576 4407 3191 8970 2079 2098 1167 4438 3359 4108 9756 6085 922 8860 1097 1025 2450 6575 7241 9382 529 4081 72 8782 2350 8835 7064 1263 3456 8757 4904 9765 5285 8854 1069 8640 5579 752
390 232 8505 9386 155 9987 1886 3141 6186 5148 7066 6066 8590 2421 7973 399 1694 663 6121 4731 9954 87 1460 790 2128 6498 3226 280 390 9724 6686 7780 5065 5314 7297 8324 8716 2404 6883 9460 9218 8423 437 2324 4797 227 2664 4509 243 5684 595 1625 6931 9106 8805 5835 1631 3273 9213 6704 9193 4909 7354 1521 3031 3346 4398 4919 6373 2199 4135 3435 2969 8021 7669 248 1031 7896 8298 1836 8271 7656 1290 6655 3214 7378 9268 7943 3872 9674 3173 9257 9002 8802 1304 3848 8419 4972 2 5247 5643 1816 8205 8220 5123 8710 7181 361 7893 6162 8520 9517 5337 8460 1279 1888 854 1608 6742 4987 1632 9614 4581 9285 8579 5871 1940 7453 2185 6337 5640 1526 5233 9344 9107 9194 1572 9828 1943 3748 4033 2727 2504 9558 936 489 32 7507 345 5365 2813 7604 8479 9520 8101 1692 7651 8639 8226 6286 4524 869 9921 2798 4657 2108 4192 1374 4758 6213 1171 6031 8450 8335 3298 3213 154 4627 7195 6259 9289 179 2616 8145 4551 260 5162 2260 9557 3771 266 2694 3091 8426 7697 4836 5766 3467 5518 7059 4322 2838 9330 2349 82 4279 5009 3289 2121 1968 5182 1123 3691 5332 105 5932 601 2902 6765 6825 2494 2031 2547 1670 102 5004 9775 4309 6196 9898 5896 718 860 1893 4894 1387 5270 5241 382 6645 9730 942 7685 8295 1071 3972 1622 5327 7998 5862 5884 2995 1871 7218 8634 7415 9154 6538 5804 1697 6249 7302 3330 1842 8504 2508 4025 5210 5596 2356 3644 8912 7768 9840 1494 8994 4310 5900 9809 4142 8790 4988 1005 4071 543 9522 9783 386 746 14 6425 4642 8975 5700 2220 6617 1939 7430 6243 1739 7221 7648 9389 8267 2012 2211 8454 6456 3826 4508 8352 1854 2399 4503 3349 7568 4609 6238 4817 9729 6 287 3896 2423 2379 7276 5760 9226 4055 1243 5375 6603 4095 9598 9147 5717 3492 5260 7531 1303 6713 4958 8246 4214 9136 3879 8291 3136 3685 4346 9677 4366 3700 6619 7642 3389 9225 5176 9340 2124 451 7871 5406 3042 9561 4331 4449 3485 5516 3445 9228 151 578 3271 5191 8490 7179 3368 885 2040 4675 6828 9075 3174 127 3341 7393 4341 8356 7092 6591
406 534 7756 3183 7068 2013 4370 2213 9175 7389 1982 1117 2106 9223 6893 7319 261 7254 7431 9288 1523 2925 89 1147 2431 6143 863 2088 9542 6985 1137 2336 3869 1345 6402 9269 101 3451 6398 3060 1114 9307 7694 5455 583 240 470 4298 2434 1916 7148 7554 6233 421 3681 6847 3203 2760 7543 9636 6393 1590 3012 8687 6035 5244 3797 78 8077 5754 1887 7235 8287 7954 7446 3821 3880 6865 6577 4465 7538 5256 8909 5968 9463 5352 5983 5913 7784 4799 570 4360 1148 1738 6579 2880 128 9543 1620 6982 9808 6767 299 9001 443 1873 3196 9582 1054 1140 4489 6747 4736 4531 527 7926 6244 4679 284 360 8978 1516 1515 3082 3325 891 9069 9845 1537 1971 3098 6123 3476 7607 8949 6075 5078 9739 5079 4948 1042 7331 9611 8724 6040 7785 7 3130 914 5632 3835 1059 3232 593 6639 6462 5068 3194 6900 2535 9777 2435 109 8611 2984 8159 3721 3710 8840 9897 8250 1038 8340 2822 1615 1141 7840 5293 5626 4473 3649 3669 7528 2621 4812 6310 2957 5648 342 9043 5066 65 8269 5219 1493 9183 1565 6657 4256 8588 5142 973 6184 3924 9576 7560 6403 3560 3494 4433 1090 6096 6844 8228 5824 7646 4378 7566 1122 1152 3734 5546 5997 3548 4266 3499 6169 2122 4619 7731 8033 9282 1785 5275 7885 7826 2328 6302 5202 1682 1524 6052 522 6159 9276 4295 6721 2439 573 8935 7704 6288 3014 5987 4038 7475 144 6041 1194 9063 1481 4722 1687 7144 9908 6314 7638 5669 3365 9118 3512 4114 111 6890 2448 2348 9491 9573 4826 8398 8568 2921 5501 9284 7485 2512 3712 2020 4260 1046 1545 319 5007 2482 1728 4420 9295 6452 7454 5446 2736 9649 2967 2094 1956 1085 6991 5299 1268 6268 5062 1282 2589 8703 6838 3030 7482 7673 6150 461 4047 748 8631 6779 4165 5425 9880 3044 2893 5249 3865 9560 6717 7788 7052 1890 5981 4485 7342 3299 9486 1680 5819 8236 4174 5345 5809 9505 5011 9355 3839 5872 6640 6100 9254 2389 8082 5054 1328 6561 103 9350 711 1047 6553 9191 611 6014 5642 3825 8933 6924 2801 2539 1961 6962 809 8031 97 9555 4272 4764 6476 5367 9028 3518 2427 1329 2032 3439 7090 2624 9405 1055 1720 2864 4695 2920 1442 5002 1082 7398 7904 2592 7948 603 8376
428 85 6630 9155 8011 8234 346 3787 1610 2499 5840 5502 539 7715 6436 2405 565 8254 8363 1360 6751 940 1105 6530 4821 175 1010 1091 4229 8404 7383 3838 134 926 2215 6167 906 4930 9000 8817 574 1312 4426 67 2176 1026 2307 3556 1227 6761 7499 9407 2895 7411 3692 8425 1541 9663 6371 651 5442 1629 6972 2980 9466 7165 6295 6390 3757 2090 6438 4271 6378 8900 3062 8681 4585 3139 6109 8266 2478 2919 7283 2150 6813 8922 7953 8366 300 3897 206 3812 1399 7706 2449 3701 7210 1695 7130 8386 6622 6093 2585 6108 4172 7775 3094 8575 8507 8293 8626 7355 8029 7765 3440 2649 49 8674 2865 2586 3585 9704 8696 1809 1953 2625 9461 2580 194 1810 9 2477 4842 2923 798 6787 7078 359 894 4742 3228 3479 108 4469 2338 5944 5749 3687 1574 9204 5357 2081 9867 7586 4687 1757 3882 9600 7611 2906 5807 670 1918 367 516 6993 8832 9511 6090 9173 937 8329 4692 1066 3618 4041 1861 7505 7185 3818 7886 8733 1412 6453 1021 132 9102 2691 7687 6698 9044 2998 1705 1209 55 9237 3395 4611 292 6355 8829 9864 2712 4058 888 3891 8400 7770 6465 8211 1287 1463 8644 6400 9117 8491 7786 5989 2033 3589 5614 3525 7966 4352 408 4098 9685 2526 7515 8405 5934 5145 8023 7149 133 9596 7466 8666 4628 9073 3777 1826 7994 6235 6934 4261 7633 4664 2571 61 2130 149 343 1623 4767 1723 772 9668 2528 9375 7021 4543 9027 8143 4395 6842 9590 6889 1363 4998 991 3520 8868 7060 4164 985 4201 7798 1693 7076 1611 1923 5394 5371 1722 7674 6604 6757 8065 7488 6217 1504 5320 5248 4888 7311 4102 7074 822 3508 5786 1667 766 4582 5575 751 1901 2601 4010 4436 6874 1286 7942 898 688 3222 2095 5180 9965 9934 8667 9630 3011 3282 3432 6220 3459 8058 8113 613 1769 2301 5141 1855 4702 9901 707 3637 7835 8353 6979 3035 5500 1060 4703 528 4206 7484 1884 7448 3009 9387 6219 9664 146 8303 8655 2430 1400 5217 8813 4132 4835 2872 627 8890 6351 8188 6878 5647 9932 456 3903 8745 620 6423 5816 4244 8357 6307 3285 6574 6366 5281 2413 1820 1008 1310 4088 9081 5645 5381 457 3574 3007 5122 2602 9217 1061 8561 5513 7449 7549 3244 7132 8519 9469 3725 4901 7392 9591 9738 551 8099 2665 5687 6594 8553 8416 6205 701 5146 7296 7959 1984 5927 9977 3081 4379
428 5003 1461 631 4194 5207 2386 423 1413 7813 3164 4017 8375 6719 4981 3190 4656 4476 9948 5650 1591 5941 1249 2578 8079 2175 5193 5246 1381 9967 7747 5472 336 6260 933 3339 5439 9132 9518 6057 2516 9681 6158 5633 3726 5399 418 96 4424 4376 6365 1794 5947 9780 9686 710 1183 4198 2686 4326 9366 7154 5598 8925 5467 165 3727 967 7727 4060 6695 8174 2824 2296 7409 7224 5445 7203 3884 3019 4087 5192 9135 1441 303 1583 2070 6569 1077 7051 635 2359 3452 6401 7899 4212 9064 2550 9071 732 3025 1759 5607 916 7827 9968 4118 1372 4225 702 3849 7873 1375 3546 9121 3599 4514 8196 2155 2638 8867 447 1601 4393 7574 2111 3119 5223 3871 3065 6290 9035 358 8010 977 7579 8731 7606 1371 7763 2024 7924 1606 2412 2561 9759 6743 4603 5726 9818 2841 6590 774 624 6234 1013 6240 1000 8559 6703 2191 2064 9450 2214 7121 4564 9452 1479 8669 98 2659 1743 4995 6237 9799 4966 7212 3187 7388 8201 2611 2295 2310 9454 5741 357 912 1347 1466 9095 6647 8054 3842 2409 2626 2164 4859 5216 2258 4590 4516 552 4707 7828 1177 7031 5194 3146 7993 6369 6784 3134 1339 3045 1536 3974 886 8249 6756 3631 6447 3836 253 6556 4190 6098 117 4116 8027 1164 6112 6759 9878 8548 1075 1453 561 7162 6363 9942 6592 3504 4315 8470 9326 5307 8913 5311 9109 1924 2354 4893 1860 5028 9821 2060 1719 2135 4062 9430 8756 3579 2805 715 5974 9489 9938 1200 5532 5434 7612 4036 9654 7216 8746 4751 7104 239 4067 7193 1179 4864 3816 5565 2101 1696 9918 8216 1190 7872 8516 2066 1506 5582 5172 3650 4304 438 1382 2119 6206 4222 2897 5019 7881 2147 2294 4425 6568 8089 9456 4874 8007 1272 1903 5557 8272 5909 1220 2793 9131 286 5797 4618 3966 7557 5888 3593 8281 3095 5271 3138 9020 2653 158 9385 5117 9042 8502 8826 7227 3409 6232 3237 8995 3899 4949 8630 3004 9632 3444 9984 480 1265 4562 80 9885 6771 4693 7365 9364 5110 5608 6435 2946 5915 1561 3735 7402 5692 304 1885 3909 9778 3455 7107 7394 4944 8939 7301 4023 6834 8418 9336 5047 2036 1409 3831 4429 1340 5220 9116 2391 8118 3954 7399 4957 9369 532 3783 5962 9612 7659 4730 1119 3350 445 4688 6564 9423 6413 4606 3483 8148 3519 7535 1143 1822 8492 6153 704 7125 7682 8017 9697 6007 5361 1856 9264
