16 0 487 488 1299 1300 1301 1302 1303 1304 1305 2557 2558 2559 2560 2561 7559
5 1 888 889 2387 2388
19 2 399 2289 2290 2291 4776 4777 4778 4779 4780 4781 4782 4783 4784 4785 4786 4787 4788 4789
2 3 411
36 4 407 837 838 839 840 989 990 3290 3291 3292 3293 3294 3295 3296 3297 3298 3299 3300 3301 3302 3303 3304 3305 5258 5259 5260 5261 5262 5263 5264 5265 5266 5267 5268 5269
33 5 438 1117 1118 1119 2624 2625 2626 2627 2710 2711 2712 3084 3085 3086 3087 3088 3089 3090 3091 3092 3523 3524 3525 3527 3529 8676 8679 8682 8685 8688 8691 8694
11 6 2085 2086 2087 2088 3169 3170 3171 3172 3173 3531
7 7 1334 1335 1336 1337 2106 2107
51 8 1201 1202 1587 1588 1589 1590 1591 1592 1593 1594 2445 2446 2447 2448 3083 4136 4137 4138 4139 4140 4141 4142 4143 4144 4145 4146 4147 4148 4149 4150 4151 4152 4153 4154 4155 4156 4157 4158 4159 4160 4161 4162 4163 4164 4165 4166 4167 4168 4169 4171
15 9 708 1616 1617 1618 1619 1620 1621 1622 1623 1624 1625 1626 2517 2518
17 10 1869 1968 1969 1970 1971 1972 1973 1974 1975 2908 2909 2910 2911 3630 3632 3634
15 11 1728 2389 2390 2391 2393 2395 2397 2399 2401 2402 2403 2404 2405 2406
26 12 3095 3097 3099 3101 4540 6131 6133 8910 8911 8912 8913 8914 8915 8916 8917 8918 8919 8920 8921 8922 8924 8926 8928 8930 8932
20 13 358 534 535 1100 1101 1186 1187 1188 1189 1190 1191 1192 1193 1194 1195 1196 1197 1198 1199
47 14 825 6733 6734 6735 6736 6737 6738 6739 6740 6741 6742 6743 6744 6745 6746 6747 6748 6749 6750 6752 6754 6756 6758 6760 6762 6764 6766 6768 6770 6772 6774 6776 6778 6780 6782 6784 6786 6788 6790 6792 6794 6796 6798 6800 6802 6804
15 15 429 430 674 675 676 677 3219 3220 3221 3222 3223 3224 3225 3227
30 16 404 412 673 700 773 774 1108 1994 1995 2095 2424 2425 2426 2427 2428 2429 2430 2431 6066 6068 6070 6072 6074 6076 6078 6080 6082 6085 6088
15 17 961 962 963 1714 2328 2330 2331 2332 2333 2334 2335 2336 2337 2338
19 18 1912 1913 1914 1915 1916 4606 4607 4608 4609 4610 4611 4613 4615 4617 4619 4621 4623 4625
42 19 1116 1182 1183 1740 1741 1742 1743 1744 1745 1746 1747 1748 1749 1750 1751 1752 1753 1754 1755 1756 1757 1758 1759 1760 1761 1762 2790 2792 2793 2794 2796 2798 2800 2802 2804 7535 7536 7537 7538 7539 7540
56 20 2704 2705 2706 3073 3074 4645 4646 4647 4648 4649 4650 4651 4652 4653 4654 4656 4658 4660 4661 4662 4663 4664 4665 4666 4667 4668 4669 4670 4671 4673 4675 4677 4679 4680 4681 4682 4683 4684 4685 7322 7325 7328 7330 7332 7334 7336 7338 7340 7342 7343 7344 7345 7346 7347 7348
117 21 568 733 815 816 817 818 2297 2298 2299 2300 2301 2302 2303 2304 2305 2306 4038 4040 4042 4044 4047 4050 4053 4056 4059 4061 4063 8954 8957 8960 8963 8966 8968 8971 8974 8977 8980 8983 8986 8990 8994 8998 9002 9006 9010 9014 9018 9022 9026 9030 9034 9038 9042 9046 9050 9054 9058 9062 9066 9070 9074 9078 9082 9086 9090 9094 9098 9102 9106 9110 9113 9116 9119 9122 9126 9130 9135 9140 9144 9148 9152 9156 9159 9162 9165 9167 9169 9171 9173 9175 9177 9179 9181 9183 9185 9187 9189 9191 9193 9194 9195 9196 9197 9198 9199 9200 9201 9202 9203 9205 9206 9207 9208 9209 9210 9212
15 22 507 922 923 1009 1010 3759 3760 3761 3762 3763 3764 3765 3766 3767
98 23 372 1852 1853 1854 1855 1856 1857 1882 1883 1884 1885 1886 1887 1888 1890 1892 1894 1896 1898 1900 1922 1923 1924 1925 1926 1927 1928 5477 5479 5481 5483 5485 5487 5488 5489 5490 5491 5492 5493 5494 5495 5496 5497 5498 5499 5500 5501 5502 5503 5504 5505 5506 5507 5508 5509 5510 5511 5512 5513 6342 6345 6348 6351 6354 6357 6360 6363 6366 6369 6372 6375 6378 6381 6384 6387 6390 6913 6915 6917 6919 6921 6923 6925 6927 6929 6931 6933 6935 6938 6941 6944 6946 6949 6952 7909 7910 7911
24 24 3957 5675 5676 5677 5678 5679 5680 5681 8546 8551 8556 8561 8569 8575 8581 8587 8593 8599 8605 8611 8617 8620 8629
29 25 2060 2061 2062 2063 2135 2136 2137 2138 2139 2140 2141 2142 2143 4701 4703 4705 4707 6541 6543 6544 6545 6546 9132 9137 9142 9146 9150 9154
61 26 394 644 645 846 847 1135 1137 1138 1139 1140 1141 1142 1143 1144 1145 1146 1147 1148 1149 1150 5144 5146 5148 5150 5152 5154 5156 5158 5160 5162 5164 5166 5168 5170 5172 5174 5176 5178 7032 7034 7036 7038 7040 7042 7044 7046 7048 7050 7051 7052 7053 7054 7055 7056 7057 7058 7059 7060 7061 7063
58 27 370 1032 1033 1034 1035 1036 1037 1038 1039 1040 1041 1480 1481 1666 1667 1668 1669 1879 1880 1881 3025 3026 3028 3030 4715 4716 4717 4718 4719 4720 4721 4722 4723 4724 4725 4726 4727 4728 4729 4730 4731 4732 4733 4734 4735 4736 4737 4738 4739 4740 4741 4742 4743 4744 4745 4746 4747
47 28 1296 1297 1801 4503 4504 4505 4506 4507 4508 4509 4511 4513 4514 4515 4516 5989 5990 5991 8549 8554 8559 8564 8571 8577 8583 8589 8595 8601 8607 8613 8619 8622 8630 8633 8637 8640 8643 8646 8649 8652 8655 8658 8661 8664 8667 8670
14 29 1577 1578 1579 1580 2262 2263 2264 2531 2532 5514 5515 5516 5517
81 30 758 810 811 812 954 955 956 957 958 959 1364 1365 1366 1367 8466 8467 8468 8469 8470 8471 8472 8473 8474 8475 8476 8477 8478 8479 8969 8972 8975 8978 8981 8984 8987 8991 8995 8999 9003 9007 9011 9015 9019 9023 9027 9031 9035 9039 9043 9047 9051 9055 9059 9063 9067 9071 9075 9079 9083 9087 9091 9095 9099 9103 9107 9111 9114 9117 9120 9123 9127 9131 9136 9141 9145 9149 9153 9157 9160 9163
5 31 3060 3061 3062 5644
4 32 709 710 711
9 33 466 473 474 475 756 936 5562 7796
16 34 388 824 6030 6032 6034 6036 6038 6899 6900 6901 6902 6903 6904 6905 6906
21 35 453 3039 3040 3041 3058 3059 8146 8150 8154 8158 8162 8166 8170 8174 8178 8182 8185 8188 8191 8194
11 36 506 1628 1729 1730 1731 1917 1918 1919 1920 1921
43 37 2105 3149 3150 3151 3152 3153 3154 3155 3156 3157 3158 3159 7285 7288 7291 7294 7297 7300 7303 7306 7309 7312 7315 8337 8341 8345 8349 8353 8356 8359 8362 8365 8368 8371 8374 8377 8380 8383 8386 8388 8390 8392
9 38 585 745 746 747 748 1328 1792 1793
21 39 608 1085 1086 1812 2515 2516 4255 4256 6562 6563 6564 6565 6566 6567 6568 6569 6570 6572 6574 6576
14 40 398 943 944 1290 1291 1292 1293 1294 1295 4125 4127 4129 4131
38 41 3144 3145 3146 3147 3148 3547 3549 3551 3553 3555 9803 9804 9805 9806 9807 9808 9809 9810 9811 9812 9814 9816 9818 9820 9822 9824 9826 9828 9829 9830 9831 9832 9833 9834 9835 9836 9837
72 42 362 8396 8397 8398 8399 8400 8401 8402 8403 8404 8405 8406 8407 8408 8409 8410 8411 8412 8413 8414 8415 8416 8417 8418 8419 8420 8421 8422 8423 8424 8425 8426 8427 8428 8429 8430 8431 8432 8433 8434 8435 8436 8437 8438 8439 8440 8441 8442 8443 8444 8445 8446 8447 8448 8449 8450 8451 8452 8453 8454 8455 8456 8457 8458 8459 8460 8461 8462 8463 8464 8465
12 43 479 480 3063 3064 3065 3066 3067 3068 3069 3070 3071
61 44 2468 2470 2472 2474 2476 2478 2572 3075 3076 3077 3078 3079 3080 9533 9536 9539 9542 9545 9548 9551 9554 9557 9559 9560 9561 9562 9563 9564 9565 9566 9567 9568 9569 9570 9572 9574 9576 9578 9579 9580 9581 9582 9583 9584 9585 9586 9587 9588 9589 9590 9591 9592 9593 9594 9595 9597 9599 9601 9602 9604
34 45 350 400 540 541 542 1581 1582 1583 1991 5256 5257 5529 5531 5533 5535 5537 5539 5541 5543 5545 5547 5549 5551 6789 6791 6793 6795 6797 6799 6801 6803 6805 6806
112 46 1210 1211 5366 5367 5368 5369 5370 5371 5372 5373 5374 5375 5376 5377 5378 5379 5381 5383 5385 5387 5389 5391 5393 5394 5395 5396 5397 5398 5399 5400 5401 5402 5403 5404 5405 5406 5408 5410 8567 8573 8579 8585 8591 8597 8603 8609 8615 8624 8627 8635 8639 8642 8645 8648 8651 8654 8657 8660 8663 8666 8669 8672 8674 8677 8680 8683 8686 8689 8692 8695 8697 8698 8699 8700 8701 8702 8703 8704 8705 8706 8707 8708 8709 8710 8711 8712 8713 8714 8715 8716 8717 8718 8719 8720 8721 8723 8725 8727 8729 8731 8733 8735 8737 8739 8741 8743 8745 8747 8749 8751 8753
32 47 3335 3336 3337 3338 3339 3340 3341 3342 3343 3344 3345 4045 4048 4051 4054 4057 4060 4062 4064 4065 4067 4069 4071 4073 4075 4077 4079 4081 4083 4085 4087
24 48 757 1519 1520 1521 1523 1524 1525 1526 1527 1947 2538 2539 2540 2541 2542 2543 2544 3827 3828 3829 7719 7720 7722
13 49 389 390 3532 3533 3534 3535 3536 3537 3538 3539 3540 6588
44 50 1706 1707 1708 1709 1710 1711 1712 1713 1715 1716 2213 6512 6513 6514 6515 6516 6517 6518 6519 6520 6521 6522 6523 6524 6525 6526 6527 6528 6529 6530 6531 6532 6533 6534 6535 6536 6538 6539 6540 6542 6571 6573 6575
144 51 550 551 552 553 554 555 556 4192 4194 4196 4198 4200 4202 4204 4206 4208 4210 4212 4214 4216 4218 4220 4222 4224 4226 4228 4230 4232 4234 4236 4237 4238 4239 4240 4241 4242 4243 4244 4245 4246 4247 4248 4249 4250 4251 4252 4253 4254 7062 7064 7065 7066 7067 7068 7069 7070 7071 7072 7073 7074 7075 7076 7077 7078 7079 7080 7081 7082 7083 7085 7087 7089 7091 7093 7095 7097 7099 7101 7103 7105 7107 7109 7111 7113 7115 7117 7119 7121 7123 7125 7127 7129 7131 7133 7135 7136 7137 7138 7139 7140 7141 7142 7143 7145 7147 7149 7151 7153 9351 9353 9355 9356 9357 9358 9359 9360 9361 9362 9363 9364 9365 9366 9368 9370 9372 9374 9376 9378 9380 9383 9386 9389 9392 9395 9398 9401 9404 9984 9986 9988 9991 9994 9997
4 52 860 3081 3082
8 53 440 964 965 966 6084 6087 6090
16 54 596 597 598 599 1016 1017 1948 1949 1950 1951 2250 2251 2252 2253 2254
8 55 650 937 4183 4185 4186 4187 4188
68 56 853 1267 1268 7578 7579 7580 7581 7582 7583 7584 7585 7586 7587 7588 7589 7590 7591 7592 7593 7594 7595 7596 7597 7598 7599 7600 7601 7602 7603 7604 7605 7606 7607 7608 7609 7610 7611 7612 7613 7614 7615 7616 7617 7618 7619 7620 7621 7622 7623 7624 7625 7626 7628 7630 7632 7634 7636 7638 7640 7642 7643 7644 7645 7646 7647 7648 7649
30 57 736 737 2407 2408 2409 2410 2411 2412 2413 2414 2415 2416 2417 2418 2419 2420 2421 2422 2533 2534 2535 2536 2537 2810 9791 9793 9795 9797 9799
40 58 712 1656 1657 1658 1659 1660 1661 1662 1663 1664 1665 8041 8044 8047 8050 8053 8056 8059 8062 8065 8068 8071 8074 8077 8080 8083 8086 8089 8092 8095 8098 8100 8102 8104 8106 8108 8110 8112 8114
88 59 574 3653 3654 3655 3656 3657 3658 3659 3660 3661 3662 3663 3664 4066 4068 4070 4072 4074 4076 4078 4080 4082 4084 4086 4088 4089 4090 4091 4093 4095 4097 7938 7940 7942 7944 7946 7948 7949 7950 7951 7952 7953 7954 7955 7956 7957 7958 7959 7960 7961 7962 7963 7964 7965 7966 7967 7968 7969 7970 7972 7974 7976 7978 7980 7982 7984 7986 7988 7990 7992 7994 7996 9720 9724 9728 9732 9736 9740 9744 9747 9750 9753 9756 9759 9762 9765 9768
25 60 409 526 527 622 1597 1598 1599 1600 1601 3556 3557 3558 3559 3560 3561 3562 3563 3564 3565 3566 3567 3568 3569 3570
47 61 397 434 435 491 3953 3954 3955 3956 5419 5420 5421 5422 5423 5424 5425 5426 5428 5430 5432 5434 5436 5438 5440 5442 5444 5446 5448 5450 5452 5454 5455 5456 5457 5458 5459 5460 5461 5462 5463 5464 5465 5466 5467 5468 5469 5470
4 62 445 446 447
1 63
21 64 871 872 873 874 875 1087 1107 1538 2249 6615 6616 6617 6618 6619 6620 6621 6622 6623 6624 6625
38 65 3233 3234 3235 3237 3239 3241 3244 3247 3250 3253 3256 3259 3262 3265 3268 3271 3274 3277 3280 3282 3284 3286 3287 3288 3289 3526 3528 3530 7748 7749 7750 7751 7752 7753 7754 7755 7756
36 66 797 1455 1501 1602 1603 1604 1605 1606 1607 4636 4637 4638 4639 4640 4641 4642 4643 4957 4958 4959 4960 4961 4962 6067 6069 6071 6073 6075 6077 6079 6081 6083 6086 6089 6091
21 67 617 3668 3720 3721 3722 3723 3724 3725 3726 3728 3730 3732 3734 3736 3738 3740 3742 3744 3746 3748
78 68 382 726 727 1332 1333 2750 2751 2752 2753 2754 2755 2756 2757 2758 2759 2760 2761 2762 2763 2764 2765 2766 2767 2768 2769 2770 2771 2772 2773 2774 2775 2776 3350 3351 3352 3353 3354 3355 3356 3357 3358 3359 3360 3361 3362 3363 3364 3365 3366 5022 5023 5024 5025 5026 5027 5028 5029 7188 7189 7190 7191 7192 7193 7194 7195 7196 7197 7198 7199 7200 7201 7202 7203 7204 7205 7206 7207
41 69 402 468 528 529 625 626 627 628 706 707 1338 1339 1340 1341 1342 1343 1344 1345 6180 6181 6182 6183 6184 6185 6186 6187 6188 6189 6190 6191 6193 6195 6197 6199 6201 6203 6204 6205 6206 6207
5 70 576 577 578 4978
11 71 640 2258 2259 2260 2261 2432 2433 2434 2435 2436
26 72 1079 4577 4578 4580 4582 4584 4586 5407 5409 5411 5412 5413 5414 5415 5416 5417 5418 9293 9295 9297 9299 9301 9303 9305 9307
40 73 432 433 1351 1352 1353 1354 1355 1356 1357 1375 2212 2214 2488 2489 2490 2491 2492 2493 5922 5924 5926 5928 5930 7283 7286 7289 7292 7295 7298 7301 7304 7307 7310 7313 7316 7318 7320 7323 7326
2 74 511
1 75
7 76 612 613 895 896 897 1635
18 77 2573 2574 2575 2576 2577 2578 2579 2580 2581 2582 9970 9972 9974 9976 9978 9980 9982
16 78 360 575 3387 3388 3389 3390 3391 3392 3393 3394 3395 3396 3397 3398 3399
11 79 2641 2643 2645 2647 2649 2651 2653 2655 2657 2659
10 80 492 813 814 2144 2145 2146 2147 2148 2149
11 81 449 820 821 1790 2150 2151 2152 2153 2154 2155
50 82 414 877 878 880 1779 1780 1781 1782 1783 1784 1785 1786 2339 2340 2341 2342 2344 2346 2347 2348 2349 5848 5850 5852 5853 5854 5855 5856 5857 5858 5859 5860 5861 5862 5864 5866 5868 5870 5872 5874 5876 5878 5879 5880 5881 5882 5883 5884 5885
2 83 582
2 84 592
1 85
29 86 807 1120 1121 1122 1123 1124 1125 1126 1127 1128 1129 1717 1718 2066 2067 4170 4172 4173 4174 4175 4176 4177 4178 4179 4180 4181 4182 4184
143 87 520 1629 3346 3347 3348 3349 4365 4366 4367 4368 4369 4370 4371 4372 4373 4374 4376 4378 4380 4382 4385 4388 4391 4394 4397 4400 4403 4407 4411 4415 4419 9211 9213 9214 9215 9216 9217 9218 9219 9220 9221 9222 9223 9224 9225 9226 9227 9228 9229 9230 9232 9234 9236 9238 9240 9242 9244 9246 9248 9250 9252 9254 9256 9257 9258 9259 9260 9261 9262 9263 9264 9265 9266 9267 9268 9269 9270 9271 9272 9273 9274 9275 9276 9277 9278 9279 9280 9281 9282 9283 9284 9285 9286 9287 9288 9289 9290 9291 9292 9294 9296 9298 9300 9302 9304 9306 9308 9309 9310 9311 9312 9313 9314 9315 9316 9317 9318 9319 9320 9321 9322 9323 9324 9325 9326 9327 9328 9329 9330 9331 9332 9333 9334 9335 9336 9337 9338 9339 9340 9341 9342 9343
34 88 2096 2097 2098 2099 5745 5747 5749 5751 5753 5755 5757 5759 5761 5763 5765 5767 5769 5771 5773 5775 5777 5779 6936 6939 6942 8289 8293 8297 8301 8305 8309 8312 8314
41 89 391 567 635 822 823 1870 1871 1872 1873 1874 2069 2071 2073 2075 5008 5009 5010 5011 5012 5013 5014 5015 5016 5017 5018 5019 5020 5021 6122 6123 6124 6125 6126 6127 6128 6129 6130 6132 6134 6135
61 90 367 787 2386 6947 6950 6953 6955 6957 6959 6961 6963 6965 6967 6969 6971 6973 6975 6977 6979 6981 6983 6985 6987 6989 6991 6993 6995 6997 6999 7001 7003 7005 7007 7009 7011 7012 7013 7014 7016 7018 7020 7022 7023 7024 7025 7026 7027 7028 7029 7030 7031 7033 7035 7037 7039 7041 7043 7045 7047 7049
40 91 465 539 715 716 914 915 916 917 918 919 920 921 1429 1430 1431 1432 1433 1434 1435 1436 1437 1438 1439 1440 1441 1442 1443 1802 1803 1804 1805 1806 1807 1808 1809 1810 1811 1992 1993
5 92 652 2621 2622 2623
15 93 476 477 478 978 2381 2382 2383 2384 2385 3228 3229 3230 3231 3232
64 94 365 471 883 884 913 1238 1239 1240 1241 1242 1243 1244 1245 1246 1247 1248 1249 1250 1251 1370 1371 1372 1698 1699 1700 1701 1702 1703 1704 1705 3160 3161 4517 4518 4519 4520 4521 4522 4523 4524 4526 6266 6268 6270 6272 6274 6276 6278 6280 6281 6282 6283 6284 6285 6286 6287 6289 6291 6293 6295 6297 6299 6301
103 95 770 1560 1561 1562 1563 1564 1565 1566 1567 1568 1569 1570 1673 1674 1675 1676 1677 1678 5076 5078 5080 5082 5084 5086 5088 5090 5092 5094 5096 5098 5100 5102 5104 5106 5108 5109 5110 5111 5112 5113 5114 5115 5116 5117 5118 5119 5120 5121 5122 5123 5124 5125 5126 5127 5128 5129 5130 5131 5132 5133 5134 5135 5136 5137 5138 5139 5140 5141 5142 5143 5145 5147 5149 5151 5153 5155 5157 5159 5161 5163 5165 5167 5169 5171 5173 5175 5177 5179 5180 5181 5182 5183 5184 5185 5186 5187 5188 5189 5190 5191 5192 5193
10 96 808 1955 1956 1957 2292 2293 2294 2295 2296
14 97 1165 1166 1167 1168 1169 1170 1171 1172 1173 1174 1175 1176 1177
1 98
40 99 763 1160 1161 1162 1571 1572 1573 1574 1575 1576 2437 2438 2439 2440 2441 3926 3928 3930 3932 3933 3934 3935 3936 3937 3938 3939 3940 3941 3942 3943 3944 3945 3946 3947 3948 3949 3950 3951 3952
4 100 1019 1636 1637
12 101 844 845 7569 7570 7571 7572 7573 7574 7575 7576 7577
23 102 356 525 557 724 725 1446 3400 3401 3402 3403 6836 6837 6838 6839 6840 6841 6842 6843 9571 9573 9575 9577
21 103 3473 3474 4713 4714 5594 5597 5600 5603 5606 5609 5612 5615 5618 5621 5624 5627 5630 5633 5636 5638
19 104 1288 3581 3582 3583 3585 3587 3589 4595 4596 4597 4598 4599 4600 4601 4602 4603 4604 4605
38 105 2457 2458 2459 2460 2461 2462 2463 2464 2465 2466 2467 5340 5342 5344 5346 5348 5350 5352 5354 5356 5358 5360 5362 5363 5364 5365 7144 7146 7148 7150 7152 7154 7155 7156 7157 7159 7162
15 106 501 3505 3506 3507 3508 3509 3510 3511 3512 3513 3514 3515 3516 3517
8 107 493 494 828 1876 1877 2216 2217
11 108 392 561 5474 5475 5476 5478 5480 5482 5484 5486
19 109 653 654 655 7388 7390 7392 7394 7396 7398 7400 7402 7404 7406 7408 7410 7412 7415 7417
31 110 544 545 601 602 603 681 682 683 684 685 686 687 688 689 690 691 692 2276 2277 2278 2279 2280 2281 2282 2283 2284 2285 2286 2287 2288
17 111 533 738 739 740 741 742 1181 2588 2589 2590 2591 2592 2593 2594 5721 5723
18 112 835 836 6150 6151 6152 6153 6154 6155 6156 6157 6158 6159 6160 6161 6162 6163 6164
10 113 1982 1983 1984 1985 1986 1987 1988 1989 1990
15 114 1683 1684 1685 2094 2787 2788 2789 4362 4363 4364 9469 9472 9475 9478
8 115 642 643 718 719 720 721 722
5 116 634 2449 2450 2451
27 117 495 1212 9431 9433 9435 9437 9439 9441 9443 9445 9447 9449 9451 9453 9455 9457 9459 9461 9463 9465 9467 9470 9473 9476 9479 9481
5 118 1448 1449 2506 2507
67 119 5818 5820 5822 5824 5825 5826 5827 5829 5831 5833 5835 5837 5838 5839 5840 5841 5842 5843 5844 5845 5846 5847 5849 5851 7413 7416 7418 7419 7420 7421 7422 7423 7424 7425 7426 7427 7428 7429 7430 7431 7432 7433 7434 7435 7436 7437 7438 7439 7440 7441 7442 7443 7444 7445 7446 7447 7448 7449 7450 7451 7453 7455 7457 7458 7459 7460
21 120 4792 4793 4794 4795 4796 4797 4798 4799 4800 4801 4803 4805 4807 4809 4811 4813 4815 4817 4819 4821
58 121 2511 2512 2513 2514 3027 3029 3031 3032 3033 3034 3035 3036 3037 3038 6703 6705 6707 6709 6711 6713 6715 6717 6719 6721 6723 6725 6727 6729 6731 6732 7653 7654 7655 7918 7919 7920 7921 7922 7923 7924 7925 7926 7927 7928 7929 7930 7931 7932 7933 7934 7935 7937 7939 7941 7943 7945 7947
9 122 1269 1270 4510 4512 5205 5206 5207 5208
25 123 633 831 832 833 834 901 902 903 904 905 1002 1003 1004 1005 1875 6414 6415 6416 6417 6418 6419 6420 6421 6422
1 124
36 125 698 699 1821 1822 1823 1824 1825 1826 1827 1828 1829 1830 1831 1832 1833 1834 2392 2394 2396 2398 2400 4525 4527 4528 4529 4530 4531 4532 4533 4534 4535 4536 4537 4538 4539
36 126 7809 7811 7813 7815 7817 7819 7821 7822 7823 7824 7826 7829 7832 7835 7838 7841 7844 7847 7850 7853 7856 7858 7860 7862 7864 7866 7868 7870 7872 7874 7876 7878 7880 7883 7886
14 127 3117 3118 3119 3120 3646 3647 3648 3649 3650 3651 3652 3817 3818
30 128 385 464 2116 2117 2118 2119 4015 4016 4017 4018 4019 4020 4021 4022 4023 4024 4025 4026 4027 4028 4029 4030 4031 4032 4033 4034 4035 4036 4037
17 129 1376 1377 1378 2372 2373 2374 2375 2376 2377 2378 2379 2380 4872 4873 4874 4875
67 130 403 636 637 4612 4614 4616 4618 4620 4622 4624 4626 4627 4628 4629 4630 4631 4632 4633 4634 4635 8480 8481 8482 8483 8484 8485 8486 8488 8490 8492 8494 8496 8498 8500 8502 8505 8508 8511 8514 8517 8520 8523 8526 8529 8532 8535 8538 8541 8544 8548 8553 8558 8563 8566 8572 8578 8584 8590 8596 8602 8608 8614 8621 8625 8632 8636
2 131 819
81 132 454 1203 1204 1205 1206 1207 1208 1487 1488 1489 1490 1491 1492 1493 1494 1495 1496 1497 1719 1720 1721 1722 1723 1724 1725 1726 1727 4963 6907 6908 6909 6910 6911 6912 6914 6916 6918 6920 6922 6924 6926 6928 6930 6932 6934 6937 6940 6943 6945 6948 6951 6954 6956 6958 6960 6962 6964 6966 6968 6970 6972 6974 6976 6978 6980 6982 6984 6986 6988 6990 6992 6994 6996 6998 7000 7002 7004 7006 7008 7010
9 133 669 776 1264 1265 1266 2679 2680 2681
46 134 482 483 1076 1077 1348 1349 1350 6442 6443 6444 6445 6446 6447 6448 6449 6450 6451 6452 6453 6454 6455 6456 6457 6458 6459 6460 6461 6462 6463 6464 6465 6466 6467 6468 6469 6470 6471 6472 6473 6474 6475 6476 6477 6478 6479
79 135 546 583 885 1510 1511 1512 1513 1514 1515 1516 1517 1518 2499 2500 2501 3072 4354 5045 5046 5048 5050 5564 5566 5568 5570 5572 5574 5576 5578 5580 5582 5584 5586 5588 5590 5592 5595 5598 5601 5604 5607 5610 5613 5616 5619 5622 5625 5628 5631 5634 5637 5639 5640 5641 5642 5643 5645 5646 5647 5648 5649 5650 5651 5652 5653 5654 5655 5656 5657 5658 5659 5660 5661 5662 5663 5664 5665 5666
16 136 1358 1359 1360 1361 2970 2971 2972 2973 2974 2975 2976 2977 2978 2979 2980
25 137 1584 1585 1586 1691 1692 1693 1694 1695 1696 1697 5691 5692 5693 5694 5695 5696 5697 5698 5699 5700 5701 5703 5705 5707
3 138 364 1397
50 139 1405 1406 1407 1408 1409 1410 1411 1412 1413 1414 1415 1416 1417 1418 1419 1420 1421 1422 1423 1424 1425 1426 1427 1428 3226 4106 4108 4110 4112 4113 4114 4115 4116 4117 4118 4119 4120 4121 4122 4123 4124 4126 4128 4130 4132 4133 4134 4135 5988
13 140 623 771 772 1080 1081 1082 1083 1084 1163 1164 1200 1363
53 141 509 2682 2683 2684 2685 2686 2687 2688 2689 2690 2691 2692 2693 2694 2695 2696 2697 2698 2699 2700 2701 2702 2703 2926 2927 2928 2929 2930 2932 2934 2936 8846 8849 8852 8855 8858 8862 8866 8870 8874 8878 8882 8885 8888 8890 8892 8894 8896 8898 9344 9345 9346
105 142 1541 1542 1543 2707 2708 2709 2720 2721 2722 2723 2724 2725 2726 2727 2728 2729 2730 2731 2732 2733 2734 2735 2736 2737 3596 3597 3598 3599 3600 3601 3602 3603 3604 3605 3606 3607 3608 3609 3610 3611 3612 3613 3614 3615 3616 3617 3618 3619 3620 3621 3622 3623 3624 3625 3626 3627 3628 3629 3631 3633 6317 6319 6321 6323 6325 6327 6329 6331 6333 6335 6337 6339 6341 6344 6347 6350 6353 6356 6359 6362 6365 6368 6371 6374 6377 6380 6383 6386 6389 6392 6394 6396 6398 6400 6402 6404 6406 6407 6408 6409 6410 6411 6412 6413
2 143 694
39 144 395 396 3306 3307 3308 3770 3771 3772 3773 3774 3775 3776 3777 3778 3779 3780 3781 3782 3783 3784 3785 3786 3787 3788 3789 3790 3791 3792 3793 3795 3797 3799 3801 3803 3805 3807 3809 3810
75 145 4462 4463 4464 4465 4466 4467 4468 4469 4470 4471 4472 4473 4474 4475 4476 4477 4478 4479 4480 4481 4482 4483 4484 4485 4486 4487 4488 4489 4490 4491 4492 4493 4494 4495 4496 4497 4498 4499 4500 4501 4502 5923 5925 5927 5929 5931 5932 5933 5934 5935 5936 5937 5938 5939 5940 5941 5942 5943 5944 5945 5946 5947 5948 5949 5950 5951 5952 5953 6807 6808 6809 6810 7362 7364
21 146 1547 1548 1549 1550 4332 4333 4334 4335 4336 4337 4338 4339 6589 6590 6591 6592 6593 6594 6595 6596
25 147 456 460 461 898 1763 1764 1765 2738 2739 2740 2741 2742 2743 2744 2745 2746 2747 2748 2749 3007 3008 5270 5271 5273
7 148 1178 1179 1180 1236 1237 2423
12 149 2120 2121 2122 2123 4269 4270 4271 4272 4273 4274 4275
15 150 489 490 1007 1008 1306 1307 1308 1309 1310 1311 1865 1866 1867 1868
29 151 1368 1369 4257 4383 4386 4389 4392 4395 4398 4401 4404 4408 4412 4416 4420 4422 4902 4903 4904 4905 4906 4907 4908 4909 4910 4912 4914 4916
77 152 361 802 809 2064 2065 2124 2125 2126 2127 2128 2129 2130 2131 2132 2133 2134 8789 8793 8797 8801 8804 8807 8809 8811 8813 8815 8817 8818 8819 8820 8821 8822 8823 8824 8825 8826 8827 8828 8829 8830 8831 8833 8835 8837 8839 8841 8843 8845 8848 8851 8854 8857 8860 8864 8868 8872 8876 8880 8883 8886 8889 8891 8893 8895 8897 8899 8900 8901 8902 8903 8904 8905 8906 8907 8908 8909
6 153 755 970 971 972 973
79 154 1275 1276 1277 2009 2010 2011 2012 2013 2014 2015 2016 8126 8128 8130 8132 8134 8136 8138 8140 8142 8145 8149 8153 8157 8161 8165 8169 8173 8177 8181 8184 8187 8190 8193 8196 8198 8200 8202 8204 8206 8208 8210 8212 8214 8216 8218 8220 8222 8224 8226 8228 8230 8233 8236 8239 8242 8245 8248 8251 8254 8257 8260 8263 8266 8268 8270 8272 8275 8278 8281 8284 8287 8291 8295 8299 8303 8307 9700
26 155 1382 1383 1384 1385 3376 3377 3378 3379 3380 3381 5718 5719 5720 5722 5724 5725 5726 5727 5728 5729 5730 5732 5734 5736 5738
64 156 351 1842 1843 1844 1845 1846 1847 1848 1849 1850 1851 6547 6548 6549 6550 6551 6552 6553 6554 6555 6556 6557 6558 6559 6560 6561 7216 7217 7218 7219 7221 7223 7225 7227 7229 7231 7233 7235 7236 7237 7238 7239 7240 7241 7242 7243 7244 7245 7246 7247 7248 7249 7250 7251 7252 7253 7254 7255 7256 7257 7258 7259 7260
21 157 723 1544 1545 1546 1959 1960 1961 1962 1963 1964 1965 1966 1967 3404 4709 4710 4711 4712 9930 9932
22 158 427 2957 6751 6753 6755 6757 6759 6761 6763 6765 6767 6769 6771 6773 6775 6777 6779 6781 6783 6785 6787
4 159 368 4346 4347
20 160 1534 1535 1536 1537 1539 1540 4748 4749 4750 4751 4753 4755 4758 4761 4764 4767 7881 7884 7887
10 161 581 2671 2672 2673 2674 2675 2676 2677 2678
35 162 1450 1451 1452 1453 1454 2274 2275 2931 2933 2935 2937 2938 2939 2940 2941 2942 3198 3199 3200 3201 3202 5228 5229 5230 5231 5232 5233 5234 5235 5236 5237 5238 5239 5240
31 163 442 2265 2266 2267 7971 7973 7975 7977 7979 7981 7983 7985 7987 7989 7991 7993 7995 7997 7998 7999 8000 8001 8002 8003 8004 8005 8006 8007 8008 8009
10 164 462 463 1102 1103 1104 1105 3873 3874 3876
12 165 1252 1253 1254 2368 2369 2370 2371 5030 5031 5032 5033
11 166 3541 3542 3543 3544 3545 3546 3548 3550 3552 3554
29 167 452 580 717 2566 2567 2830 2831 2832 2833 2834 3049 3050 3051 3052 3053 3054 3055 3056 3057 3584 3586 3588 3590 3591 3592 3593 3594 3595
8 168 560 588 946 7015 7017 7019 7021
25 169 777 778 779 780 781 782 783 1787 1788 1789 1791 8317 8319 8321 8323 8325 8327 8329 8332 8335 8339 8343 8347 8351
19 170 405 406 695 1893 1895 1897 1899 1901 1902 1903 1904 1905 1906 1907 1908 1909 1910 1911
31 171 426 2943 2944 2945 2946 2947 2948 2949 2950 2951 2952 8144 8148 8152 8156 8160 8164 8168 8172 8176 8180 9532 9535 9538 9541 9544 9547 9550 9553 9556
40 172 3162 3163 3164 3165 3166 3167 3168 3405 3406 3407 3408 3409 3410 3411 3412 3413 3415 3417 3419 3421 3881 3883 3885 3887 3889 3891 3893 3895 3897 3899 3901 6165 6166 6167 6168 6169 6170 6171 6172
4 173 481 967 1154
2 174 496
130 175 357 415 2851 2852 2853 2854 2855 2856 2857 2858 2859 2860 2861 2862 2863 2865 2867 2869 2871 2873 2875 2877 2879 7721 7723 7724 7725 7726 7727 7728 7729 7730 7731 7732 7733 7734 7735 7736 7737 7738 7739 7740 7741 7742 7743 7744 7745 7746 7747 9381 9384 9387 9390 9393 9396 9399 9402 9405 9407 9409 9411 9413 9415 9417 9419 9420 9421 9422 9423 9424 9425 9426 9427 9428 9429 9430 9432 9434 9436 9438 9440 9442 9444 9446 9448 9450 9452 9454 9456 9458 9460 9462 9464 9466 9468 9471 9474 9477 9480 9482 9483 9484 9485 9487 9489 9491 9493 9495 9497 9499 9501 9503 9505 9507 9509 9511 9512 9513 9514 9515 9516 9517 9518 9519 9520 9521 9523 9525 9527
34 176 1213 1214 1215 1216 1217 1218 1219 1220 1221 1222 1223 1224 1225 1226 1227 2829 5047 5049 5051 5052 5053 5054 5055 5056 5057 5058 5059 5060 5061 5062 5063 5064 5065
55 177 510 639 749 2835 2836 2837 2838 2839 2840 2841 2842 2843 2844 2845 2846 2847 2848 3437 3438 3439 3440 3441 3442 3443 3444 9603 9605 9606 9607 9608 9609 9610 9611 9612 9613 9614 9615 9616 9617 9618 9619 9620 9621 9623 9625 9627 9629 9631 9633 9635 9637 9639 9641 9643
40 178 714 2218 2219 2220 2221 2222 2223 2224 2225 2226 2227 2228 2229 2230 2231 2232 2233 2234 2235 2236 2237 2238 2239 2240 2241 2242 2243 2244 2245 2246 2247 2248 2469 2471 2473 2475 2477 2479 2480
7 179 1106 6235 6238 6241 6244 6246
10 180 951 4587 4588 4589 4590 4591 4592 4593 4594
53 181 2545 2546 2547 2548 2549 2550 2551 2552 2553 2554 2555 2556 6140 6142 7776 7777 7778 7779 7780 7781 7782 7783 7784 7785 7786 7787 7788 7789 7790 7791 7792 7793 7794 7795 7797 7798 7799 7800 7801 7802 7803 7804 7805 7806 7807 7808 7810 7812 7814 7816 7818 7820
20 182 376 701 702 703 704 705 1023 1024 1025 1026 1312 1313 5380 5382 5384 5386 5388 5390 5392
8 183 827 1346 1347 2269 2495 2496 2497
20 184 485 2190 2191 2192 2193 2194 2195 2196 2197 2198 2199 2200 2201 2202 2203 2562 2563 2564 2565
37 185 472 547 2849 2850 5828 5830 5832 5834 5836 8504 8507 8510 8513 8516 8519 8522 8525 8528 8531 8534 8537 8540 8543 8547 8552 8557 8562 8570 8576 8582 8588 8594 8600 8606 8612 8618
29 186 1816 1817 1818 1819 1820 3189 3190 3191 3192 3193 3194 3195 3196 3197 3423 3424 3425 3426 3427 3428 3429 3430 3431 3432 3433 3434 3435 3436
57 187 352 373 565 566 2568 2569 2570 2571 2958 2959 3571 3572 3573 3574 3575 3576 3577 3578 3579 3580 6642 6645 6648 6650 7158 7160 7163 7166 7167 7168 7169 7170 7171 7172 7173 7174 7175 7176 7177 7178 7661 7663 7665 7667 7669 7671 7673 7675 7677 7679 7681 7683 7685 7687 7689 7690
9 188 380 502 503 7891 7893 7895 7897 7899
5 189 678 679 680 697
35 190 504 505 893 894 2255 2256 2257 2481 5194 5195 5196 5197 5198 5199 5200 5201 5202 5203 5204 8776 8779 8782 8785 8788 8792 8796 8800 8803 8806 8808 8810 8812 8814 8816
28 191 383 508 1072 1482 1483 1484 5992 5993 5994 5995 5996 5997 5998 5999 6000 6001 6002 6003 6004 6005 6006 6007 6008 6009 6010 6012 6014
20 192 2895 5034 5035 5036 5037 5038 5039 5040 5041 5042 7179 7180 7181 7182 7183 7184 7185 7186 7187
27 193 841 842 984 985 986 987 988 1474 2617 2618 2619 2620 5702 5704 5706 5708 5709 5710 5711 5712 5713 5714 5715 5716 5717 6173
23 194 523 524 1020 1021 1022 3518 3519 3520 3521 3522 3858 3859 3860 3861 3862 3863 3864 3865 3866 3867 3869 3870
48 195 1929 1930 2171 2172 2173 2174 2175 2176 2177 2178 2179 2180 2181 2182 2183 2184 2185 2186 2187 2188 2189 3871 3872 5863 5865 5867 5869 5871 5873 5875 5877 6599 6600 6601 6602 6603 6604 6605 6606 6607 6608 6609 6610 6611 6612 6613 6614
2 196 2791
29 197 2108 2109 2110 2111 2112 2113 2114 2115 2156 2157 9943 9945 9947 9949 9951 9953 9955 9957 9959 9960 9961 9962 9963 9964 9965 9966 9967 9969
70 198 696 5731 5733 5735 5737 5739 5740 5741 5742 5743 5744 5746 5748 5750 5752 5754 5756 5758 5760 5762 5764 5766 5768 5770 5772 5774 5776 5778 5780 5781 5782 5783 5784 5785 5786 5787 5788 5789 5790 5791 5792 5793 5794 5795 5796 5797 5798 5799 5800 5801 5802 5803 5804 5805 5806 5807 5808 5809 5810 5811 5812 5813 5814 5815 5816 5817 5819 5821 5823
36 199 586 587 3456 3458 3460 3462 3464 3466 3468 4924 4925 4926 4927 4928 4929 4930 4931 4932 4933 4934 4935 4936 4937 4938 4939 4940 5682 5683 5684 5685 5686 5687 5688 5689 5690
2 200 519
18 201 1325 1326 1327 5427 5429 5431 5433 5435 5437 5439 5441 5443 5445 5447 5449 5451 5453
1 202
44 203 570 571 572 573 2960 2961 2962 2963 2964 2965 2966 2967 2968 6092 6093 6094 6095 6096 6097 6098 6099 6100 6101 6102 6103 6104 6105 6106 6107 6108 6109 6110 6111 6112 6113 6114 6115 6116 6117 6118 6119 6120 6121
84 204 536 949 950 5321 5322 5323 5324 5325 5326 5327 5328 5329 5330 5331 5332 5333 5334 5335 5336 5337 5338 5339 5341 5343 5345 5347 5349 5351 5353 5355 5357 5359 5361 7470 7472 7473 7474 7475 7476 7477 7478 7479 7480 7481 7482 7483 7484 7485 7487 7489 7491 7493 7494 7495 7496 7497 7499 7501 7503 7504 7505 7506 7507 7508 7509 7510 7511 7512 7513 7514 7515 7516 7517 7518 7519 7520 7521 7522 7523 7524 7525 7526 7527
20 205 3329 3330 3331 3332 3333 3334 8765 8767 8769 8771 8773 8775 8778 8781 8784 8787 8791 8795 8799
14 206 1530 1531 1532 1533 6208 6209 6210 6211 6212 6213 6214 6215 6216
66 207 363 543 1670 1671 1672 4876 4877 4878 4879 4880 4881 6629 6631 6634 6636 6638 6640 6643 6646 6649 6651 6652 6653 6654 6655 6656 8832 8834 8836 8838 8840 8842 8844 8847 8850 8853 8856 8859 8863 8867 8871 8875 8879 9367 9369 9371 9373 9375 9377 9379 9382 9385 9388 9391 9394 9397 9400 9403 9406 9408 9410 9412 9414 9416 9418
22 208 436 437 518 7349 7350 7351 7352 7353 7354 7355 7356 7357 7358 7359 7360 7361 7363 7365 7366 7367 7368
18 209 486 2586 2587 9968 9971 9973 9975 9977 9979 9981 9983 9985 9987 9989 9992 9995 9998
41 210 743 744 974 976 1066 1067 1068 1069 1070 1071 3868 6174 6175 6176 6177 6178 6179 9697 9702 9704 9707 9710 9713 9716 9719 9723 9727 9731 9735 9739 9743 9746 9749 9752 9755 9758 9761 9764 9767 9770
9 211 891 3042 3043 3044 3045 3046 3047 3048
9 212 9813 9815 9817 9819 9821 9823 9825 9827
11 213 731 2912 2913 2914 2915 4686 4687 4688 4689 4690
12 214 784 785 786 1400 1401 1402 1403 1404 2717 2718 2719
13 215 424 1028 1029 1030 1031 1767 1768 1769 1770 1771 1772 1773
71 216 459 1835 1836 1837 1838 1839 1840 1841 1976 1977 1978 2215 6288 6290 6292 6294 6296 6298 6300 6302 6303 6304 6305 6306 6307 6308 6309 6310 6311 6312 6313 6314 6315 6316 6318 6320 6322 6324 6326 6328 6330 6332 6334 6336 6338 6340 6343 6346 6349 6352 6355 6358 6361 6364 6367 6370 6373 6376 6379 6382 6385 6388 6391 6393 6395 6397 6399 6401 6403 6405
61 217 1638 4979 4980 4981 4982 4983 4984 4985 4986 4987 4989 4991 4993 4995 4997 4999 5001 5003 5004 5005 5006 5007 8274 8277 8280 8283 8286 8290 8294 8298 8302 8306 8310 8313 8315 8316 8318 8320 8322 8324 8326 8328 8330 8333 8336 8340 8344 8348 8352 8355 8358 8361 8364 8367 8370 8373 8376 8379 8382 8385
148 218 2312 2313 2314 2315 2316 2317 2318 2319 2320 2321 2322 2323 2324 2325 2326 2327 2329 3309 3310 3311 3312 3313 3314 3315 3316 3317 3318 3319 3320 3321 3322 3323 3324 3325 3326 3327 3328 3643 3644 3645 4833 4834 4835 4836 4837 4838 4839 4840 4841 4842 4843 4844 4845 4846 4847 4848 4849 4850 4851 4852 4853 4854 4855 4856 4857 4858 4859 4860 4861 4862 4863 4864 4865 4866 6633 6635 6637 6639 6641 6644 6647 8923 8925 8927 8929 8931 8933 8935 8937 8939 8941 8943 8945 8947 8949 8951 8953 8956 8959 8962 8965 8967 8970 8973 8976 8979 8982 8985 8988 8992 8996 9000 9004 9008 9012 9016 9020 9024 9028 9032 9036 9040 9044 9048 9052 9056 9060 9064 9068 9072 9076 9080 9084 9088 9092 9096 9100 9104 9108 9112 9115 9118 9121 9124 9128 9133 9138
92 219 532 579 1379 1380 1381 1485 1486 3236 3238 3240 3243 3246 3249 3252 3255 3258 3261 3264 3267 3270 3273 3276 3279 5272 5274 5275 5276 5277 5278 5279 5280 5281 5282 5283 5284 8989 8993 8997 9001 9005 9009 9013 9017 9021 9025 9029 9033 9037 9041 9045 9049 9053 9057 9061 9065 9069 9073 9077 9081 9085 9089 9093 9097 9101 9105 9109 9125 9129 9134 9139 9143 9147 9151 9155 9158 9161 9164 9166 9168 9170 9172 9174 9176 9178 9180 9182 9184 9186 9188 9190 9192
22 220 448 3819 3820 3821 3822 3823 3824 3825 3826 5903 5905 5907 5909 5911 5913 5915 6011 6013 6015 6016 6017
81 221 441 2032 2033 2034 2035 2036 2037 2038 2039 2040 2041 3727 3729 3731 3733 3735 3737 3739 3741 3743 3745 3747 3749 3750 3751 3752 3753 3754 3755 3756 3757 3758 4541 4542 4543 4544 4545 4546 4547 4548 4549 4550 4551 4552 4553 4554 4555 4556 5518 5519 5520 5521 5522 5523 5524 5525 5526 5527 5528 5530 5532 5534 5536 5538 5540 5542 5544 5546 5548 5550 5552 5553 5554 5555 5556 5557 5558 5559 5560 5561
27 222 850 851 852 3811 3812 3813 3814 3815 3816 3959 3960 3961 3962 3963 3964 3965 3966 3967 3968 3969 3970 4867 4868 4869 4870 4871
45 223 624 4276 4277 4278 4279 4281 4283 4285 4287 4289 4291 4293 4295 4297 4299 4301 4302 4303 4304 4305 4306 4307 4308 4309 4310 4311 4312 4313 4314 4315 4316 4317 4318 4319 4320 4321 4322 4323 4324 4325 4326 4327 4328 4329
17 224 9522 9524 9526 9528 9529 9530 9531 9534 9537 9540 9543 9546 9549 9552 9555 9558
24 225 659 660 661 1979 1980 1981 2635 2636 2637 2638 2639 2640 2642 2644 2646 2648 2650 2652 2654 2656 2658 2660 2661
46 226 933 934 935 1278 1279 2519 2520 2521 2522 2523 3242 3245 3248 3251 3254 3257 3260 3263 3266 3269 3272 3275 3278 3281 3283 3285 7656 7657 7658 7659 7660 7662 7664 7666 7668 7670 7672 7674 7676 7678 7680 7682 7684 7686 7688
52 227 379 826 1938 1939 2905 2906 2907 3971 3972 3973 3974 3975 3976 3977 3978 3979 3980 3981 3982 3983 3984 3985 3986 3987 3988 3989 3990 3991 3992 3993 3994 3995 3996 3997 3998 3999 4000 4001 4002 4003 4004 4005 4006 4007 4008 4009 4010 4011 4012 4013 4014
20 228 638 2916 2917 2918 2919 2920 2921 2922 2923 2924 2925 6265 6267 6269 6271 6273 6275 6277 6279
52 229 413 563 564 629 630 631 1078 1465 1466 1467 1468 1469 1470 2350 2351 2352 2353 2354 2355 2356 2357 3475 3476 3477 3478 3479 3480 3481 3482 3483 3484 3485 3486 3487 3488 3489 3490 3491 3492 3493 3494 3495 3496 3497 3498 3499 3500 3501 3502 3503 3504
2 230 537
20 231 713 764 6597 6598 8626 8631 9231 9233 9235 9237 9239 9241 9243 9245 9247 9249 9251 9253 9255
4 232 443 444 960
1 233
11 234 766 767 1447 1794 1795 1796 1797 1798 2902 4644
18 235 2505 2811 2812 2813 2814 5217 5218 5219 5220 5221 5222 5223 5224 5225 5226 5227 7936
58 236 457 458 1373 1374 2017 2018 2019 2020 2021 2022 2023 2024 2025 2026 2027 2028 2029 2030 2031 4790 4791 5285 5286 5287 5288 5289 5290 5291 5292 5293 5294 5295 5296 5297 5298 5299 5300 5301 5302 5303 5304 5305 5306 5307 5308 5309 5310 5311 5312 5313 5314 5315 5316 5317 5318 5319 5320
11 237 648 649 886 887 892 2524 2525 2526 2527 2528
4 238 431 530 531
11 239 646 1006 1111 1112 1952 1953 1954 7650 7651 7652
2 240 3107
7 241 952 953 4965 7452 7454 7456
29 242 1522 6577 6578 6579 6580 6581 6582 6583 6584 6585 6586 6587 7556 7557 7558 7560 7561 7562 7563 7564 7565 7566 7567 7568 9990 9993 9996 9999
40 243 512 753 754 2089 2090 2091 2092 2093 2662 2663 2664 2665 2666 2667 2668 8031 8033 8035 8037 8039 8042 8045 8048 8051 8054 8057 8060 8063 8066 8069 8072 8075 8078 8081 8084 8087 8090 8093 8096
141 244 1062 1063 1064 1065 1280 1281 2343 2345 3445 3446 3447 3448 3449 3450 3451 3452 3453 3454 3455 3457 3459 3461 3463 3465 3467 4375 4377 4379 4381 4384 4387 4390 4393 4396 4399 4402 4405 4409 4413 4417 4421 4423 4424 4425 4426 4427 4428 4429 4430 4431 4432 4433 4434 4435 4436 4437 4438 4439 4440 4441 4442 4443 4444 4445 4446 4447 4448 4449 4450 4451 4452 4453 4454 4455 4456 4457 4458 4459 4460 4461 4691 4692 4693 4694 4695 4696 4697 4698 4699 4700 4702 4704 4706 4708 6664 6665 6666 6667 6669 6671 6673 6675 6677 6679 6681 6682 6683 6684 6685 6686 6687 6688 6689 6690 6691 6692 6693 6694 6695 6696 6697 6698 6699 6700 6701 6702 6704 6706 6708 6710 6712 6714 6716 6718 6720 6722 6724 6726 6728 6730
70 245 760 761 1113 1114 1115 2953 2954 2955 2956 8487 8489 8491 8493 8495 8497 8499 8501 8503 8506 8509 8512 8515 8518 8521 8524 8527 8530 8533 8536 8539 8542 8545 8550 8555 8560 8565 8568 8574 8580 8586 8592 8598 8604 8610 8616 8623 8628 8634 8638 8641 8644 8647 8650 8653 8656 8659 8662 8665 8668 8671 8673 8675 8678 8681 8684 8687 8690 8693 8696
4 246 1158 1159 1298
3 247 968 969
14 248 993 994 995 996 997 998 999 1000 1001 6859 6861 6863 6865
8 249 662 663 664 729 730 2782 2783
8 250 484 497 3139 3140 3141 3142 3143
12 251 2595 2596 2597 2598 2599 2601 2603 2605 2607 2609 2611
12 252 515 516 3108 3109 3110 3111 3112 3113 3114 3115 3116
14 253 2882 2883 2884 2885 2886 2887 2888 2889 2890 2891 2892 2893 2894
17 254 804 805 806 2995 2996 2997 2998 2999 3794 3796 3798 3800 3802 3804 3806 3808
37 255 876 1739 5954 5955 5956 5957 5958 5959 5960 5961 5962 5963 5964 5965 5966 5967 5968 5969 5970 5971 5972 5973 5974 5975 5976 5977 5978 5979 5980 5981 5982 5983 5984 5985 5986 5987
71 256 381 879 881 882 3208 3209 3210 3211 3212 3213 3214 3215 3216 3217 3218 4802 4804 4806 4808 4810 4812 4814 4816 4818 4820 4822 4823 4824 4825 4826 4827 4828 4829 4830 4831 4832 5563 5565 5567 5569 5571 5573 5575 5577 5579 5581 5583 5585 5587 5589 5591 5593 5596 5599 5602 5605 5608 5611 5614 5617 5620 5623 5626 5629 5632 5635 6062 6063 6064 6065
6 257 562 1282 1283 1284 1289
16 258 615 616 2777 2778 2779 2903 2904 3635 3636 3637 3638 3639 3640 3641 3642
61 259 656 657 1228 1229 1230 1231 1232 1608 1609 1610 1611 1612 1613 1614 1615 3875 3877 3878 3879 3880 3882 3884 3886 3888 3890 3892 3894 3896 3898 3900 3902 3903 3904 3905 3906 3907 3908 3909 3910 3911 3912 3913 7757 7758 7759 7760 7761 7762 7763 7764 7765 7766 7767 7768 7769 7770 7771 7772 7773 7774
19 260 1255 4406 4410 4414 4418 9486 9488 9490 9492 9494 9496 9498 9500 9502 9504 9506 9508 9510
34 261 522 728 1398 1399 6018 6019 6020 6021 6022 6023 6024 6025 6026 6027 6028 6029 6031 6033 6035 6037 6039 6040 6041 6042 6043 6044 6045 6046 6047 6048 6049 6050 6051
31 262 2508 2509 2510 2795 2797 2799 2801 2803 2805 2806 2807 4941 4942 4943 4944 4945 4946 4947 4948 4949 4950 4951 4952 4953 4954 4955 4956 7261 7262 7264
3 263 848 849
14 264 765 1471 1472 1473 5212 5213 5214 5215 5216 6052 6053 6054 6055
40 265 7828 7831 7834 7837 7840 7843 7846 7849 7852 7855 7857 7859 7861 7863 7865 7867 7869 7871 7873 7875 7877 7879 7882 7885 7888 7889 7890 7892 7894 7896 7898 7900 7901 7902 7903 7904 7905 7906 7907
14 266 521 589 590 591 1091 1092 1093 1094 1095 1096 1097 1098 1099
22 267 1630 1631 1632 1633 1958 2583 2584 2585 6217 6219 6221 6223 6225 6227 6229 6231 6233 6234 6237 6240 6537
24 268 1044 1045 1046 1047 1048 1049 1050 1051 1052 1053 1054 1055 1056 1057 1058 1073 1074 1075 1184 4898 4899 4900 4901
27 269 1509 2713 2714 2715 2716 3958 4557 4558 4559 4560 4561 4562 4563 4564 4565 4566 4567 4568 4569 4570 4571 4572 4573 4574 4575 4576
24 270 768 769 3919 3920 3921 3922 3923 3924 3925 3927 3929 3931 4280 4282 4284 4286 4288 4290 4292 4294 4296 4298 4300
6 271 387 651 2502 2503 2504
43 272 1235 8722 8724 8726 8728 8730 8732 8734 8736 8738 8740 8742 8744 8746 8748 8750 8752 8754 8755 8756 8757 8758 8759 8760 8761 8762 8763 8764 8766 8768 8770 8772 8774 8777 8780 8783 8786 8790 8794 8798 8802 8805
19 273 408 439 3093 3094 3096 3098 3100 3102 3103 3104 3105 3106 6192 6194 6196 6198 6200 6202
14 274 788 4966 4967 4968 4969 4970 4971 4972 4973 4974 4975 4976 4977
48 275 371 4917 4918 4919 4920 4921 4922 4923 6218 6220 6222 6224 6226 6228 6230 6232 6236 6239 6242 6243 6245 6247 6248 6249 6250 6251 6252 6253 6254 6255 6256 6257 6258 6259 6260 6261 6262 6263 6264 7208 7209 7210 7211 7212 7213 7214 7215
27 276 393 455 2270 2271 2272 2273 4752 4754 4757 4760 4763 4766 4769 4771 9936 9938 9940 9942 9944 9946 9948 9950 9952 9954 9956 9958
17 277 9691 9693 9695 9698 9701 9705 9708 9711 9714 9717 9721 9725 9729 9733 9737 9741
11 278 762 906 907 908 909 910 911 912 975 977
35 279 1156 1157 1317 1318 1799 1800 2529 2530 7084 7086 7088 7090 7092 7094 7096 7098 7100 7102 7104 7106 7108 7110 7112 7114 7116 7118 7120 7122 7124 7126 7128 7130 7132 7134
6 280 366 1498 1499 1500 1766
12 281 384 600 665 666 667 668 1386 1387 1388 1444 1445
41 282 6056 6057 6058 6059 6060 6061 7691 7692 7693 7694 7695 7696 7697 7698 7699 7700 7701 7702 7703 7704 7705 7706 7707 7708 7709 7710 7711 7712 7713 7714 7715 7716 7717 7718 9347 9348 9349 9350 9352 9354
7 283 7912 7913 7914 7915 7916 7917
3 284 1595 1596
15 285 979 980 981 982 983 2104 2309 2310 2311 2669 2670 4911 4913 4915
18 286 369 798 799 800 801 991 992 1088 1089 1090 1285 1286 1287 2498 2628 2629 2630
4 287 4655 4657 4659
35 288 401 1324 1362 1475 1476 1477 1478 1479 2158 2159 2160 2161 2162 2163 2164 2165 2166 2167 2168 2169 2170 3009 3010 3011 3012 3013 3014 3015 3016 3017 3018 3019 3020 3021
23 289 428 670 671 672 1233 1234 1316 2784 2785 2786 6668 6670 6672 6674 6676 6678 6680 6831 6832 6833 6834 6835
51 290 538 947 948 2204 2205 2206 2207 2208 2209 2210 2211 2631 2632 2633 2634 9885 9888 9891 9894 9897 9899 9901 9903 9905 9907 9909 9911 9913 9915 9916 9917 9918 9919 9920 9921 9922 9923 9924 9925 9926 9927 9928 9929 9931 9933 9934 9935 9937 9939 9941
17 291 410 1394 1395 1396 2780 2781 6149 6480 8861 8865 8869 8873 8877 8881 8884 8887
38 292 619 620 621 2808 2809 7369 7370 7371 7372 7373 7374 7375 7376 7377 7378 7379 7380 7381 7382 7383 7384 7385 7386 7387 7389 7391 7393 7395 7397 7399 7401 7403 7405 7407 7409 7411 7414
2 293 1627
12 294 425 513 514 843 3022 3023 3024 4672 4674 4676 4678
8 295 359 610 611 803 868 869 7534
6 296 1686 2100 2101 2102 2103
8 297 858 859 2442 2443 2444 5043 5044
6 298 1687 1688 1689 1690 7908
19 299 870 5898 5899 5900 5901 5902 5904 5906 5908 5910 5912 5914 5916 5917 5918 5919 5920 5921
11 300 605 606 607 1858 1859 1860 1861 1862 1863 1864
29 301 604 775 830 857 2047 2048 2049 2050 2051 2052 2053 2054 2896 2897 2898 2899 2900 2901 7461 7462 7463 7464 7465 7466 7467 7468 7469 7471
3 302 899 900
57 303 890 1389 1390 1391 1392 1393 2864 2866 2868 2870 2872 2874 2876 2878 2880 2881 3832 3834 3836 3838 3840 4348 4349 4350 4351 4352 4353 4988 4990 4992 4994 4996 4998 5000 5002 6657 6658 6659 6660 6661 6662 6663 8934 8936 8938 8940 8942 8944 8946 8948 8950 8952 8955 8958 8961 8964
26 304 421 422 423 1552 1553 1554 1555 1556 1557 1558 1559 5886 5887 5888 5889 5890 5891 5892 5893 5894 5895 5896 5897 6626 6627
32 305 732 2008 3914 3915 3916 3917 3918 6811 6812 6813 6814 6815 6816 6817 6818 6819 6820 6821 6822 6823 6824 6825 6826 6827 6828 6829 6830 7161 7164 7165 9204
46 306 355 1011 1012 1013 1014 1015 3469 3470 3471 3472 7269 7271 7273 7274 7275 7276 7277 7278 7279 7280 7281 7282 7284 7287 7290 7293 7296 7299 7302 7305 7308 7311 7314 7317 7319 7321 7324 7327 7329 7331 7333 7335 7337 7339 7341
5 307 1018 1649 1650 1651
2 308 470
43 309 420 517 2600 2602 2604 2606 2608 2610 2612 2613 2614 2615 2616 3665 3666 3667 3669 3670 3672 3674 3676 3678 3680 3682 3684 3686 3688 3690 3692 3694 3696 3698 3699 3700 3701 3702 3703 3704 3705 3706 3707 3708
16 310 614 1732 1733 1734 1735 1736 1737 1738 7263 7265 7266 7267 7268 7270 7272
8 311 498 499 500 1027 5209 5210 5211
15 312 1878 2068 2070 2072 2074 2076 2077 2078 2079 2080 2081 2082 2083 2084
45 313 558 559 750 751 752 1931 1932 1933 1934 1935 1936 1937 2815 2816 2817 2818 2819 2820 2821 2822 2823 2824 2825 2826 2827 2828 3174 3175 3176 3177 3178 3179 3180 3181 3182 3183 3184 3185 3186 3187 3188 9596 9598 9600
8 314 374 2055 2056 2057 2058 2059 4964
3 315 1507 1508
6 316 1774 1775 1776 1777 1778
6 317 1551 7486 7488 7490 7492
186 318 789 790 791 792 793 794 795 796 3414 3416 3418 3420 3422 8010 8011 8012 8013 8014 8015 8016 8017 8018 8019 8020 8021 8022 8023 8024 8025 8026 8027 8028 8029 8030 8032 8034 8036 8038 8040 8043 8046 8049 8052 8055 8058 8061 8064 8067 8070 8073 8076 8079 8082 8085 8088 8091 8094 8097 8099 8101 8103 8105 8107 8109 8111 8113 8115 8116 8117 8118 8119 8120 8121 8122 8123 8124 8125 8127 8129 8131 8133 8135 8137 8139 8141 8143 8147 8151 8155 8159 8163 8167 8171 8175 8179 8183 8186 8189 8192 8195 8197 8199 8201 8203 8205 8207 8209 8211 8213 8215 8217 8219 8221 8223 8225 8227 8229 8232 8235 8238 8241 8244 8247 8250 8253 8256 8259 8262 8265 9838 9839 9840 9841 9842 9843 9844 9845 9846 9847 9848 9849 9850 9851 9852 9853 9854 9855 9856 9857 9858 9859 9860 9861 9862 9863 9864 9865 9866 9867 9868 9869 9870 9871 9872 9873 9874 9875 9876 9878 9880 9882 9884 9887 9890 9893 9896 9898 9900 9902 9904 9906 9908 9910 9912 9914
64 319 467 3671 3673 3675 3677 3679 3681 3683 3685 3687 3689 3691 3693 3695 3697 4092 4094 4096 4098 4099 4100 4101 4102 4103 4104 4105 4107 4109 4111 7825 7827 7830 7833 7836 7839 7842 7845 7848 7851 7854 8331 8334 8338 8342 8346 8350 8354 8357 8360 8363 8366 8369 8372 8375 8378 8381 8384 8387 8389 8391 8393 8394 8395
7 320 469 1502 1503 6628 6630 6632
3 321 4330 4331
111 322 632 1996 1997 1998 1999 2000 2001 2002 2003 2004 2005 2006 2007 9622 9624 9626 9628 9630 9632 9634 9636 9638 9640 9642 9644 9645 9646 9647 9648 9649 9650 9651 9652 9653 9654 9655 9656 9657 9658 9659 9660 9661 9662 9663 9664 9665 9666 9667 9668 9669 9670 9671 9672 9673 9674 9675 9676 9677 9678 9679 9680 9681 9682 9683 9684 9685 9686 9687 9688 9689 9690 9692 9694 9696 9699 9703 9706 9709 9712 9715 9718 9722 9726 9730 9734 9738 9742 9745 9748 9751 9754 9757 9760 9763 9766 9769 9771 9772 9773 9774 9775 9776 9777 9778 9779 9780 9781 9782 9783 9784
17 323 548 549 1130 1131 1132 1133 1134 1136 5667 5668 5669 5670 5671 5672 5673 5674
24 324 924 925 926 927 928 929 930 931 932 1889 1891 4579 4581 4583 4585 7220 7222 7224 7226 7228 7230 7232 7234
31 325 945 1314 1315 8231 8234 8237 8240 8243 8246 8249 8252 8255 8258 8261 8264 8267 8269 8271 8273 8276 8279 8282 8285 8288 8292 8296 8300 8304 8308 8311
13 326 1042 1043 1109 1110 1652 1653 7528 7529 7530 7531 7532 7533
48 327 354 938 939 940 3121 3122 3123 3124 3125 3126 3127 3128 3129 3130 3131 3132 3133 3134 3135 3136 3137 3138 4340 4341 4342 4343 4344 4345 6423 6424 6425 6426 6427 6428 6429 6430 6431 6432 6433 6434 6435 6436 6437 6438 6439 6440 6441
3 328 375 419
42 329 1319 1320 1321 1322 1323 4756 4759 4762 4765 4768 4770 4772 4773 4774 4775 6481 6482 6484 6486 6488 6490 6492 6493 6494 6495 6496 6497 6498 6499 6500 6501 6502 6503 6504 6505 6506 6507 6508 6509 6510 6511
12 330 377 378 3367 3368 3369 3370 3371 3372 3373 3374 3375
22 331 641 2981 2982 2983 2984 2985 5241 5242 5243 5244 5245 5246 5247 5248 5249 5250 5251 5252 5253 5254 5255
5 332 569 584 609 647
23 333 353 593 594 595 941 942 1940 1941 1942 1943 2969 5471 5472 5473 9877 9879 9881 9883 9886 9889 9892 9895
16 334 618 854 855 856 2307 2308 2986 2987 2988 2989 2990 2991 2992 2993 2994
47 335 865 866 867 1329 1330 1331 1654 1655 3830 3831 3833 3835 3837 3839 3841 3842 3843 3844 3845 3846 3847 3848 3849 3850 3851 3852 3853 3854 3855 3856 3857 7541 7542 7543 7544 7545 7546 7547 7548 7549 7550 7551 7552 7553 7554 7555
48 336 386 861 862 863 864 1209 2482 2483 2484 2485 2486 2487 4039 4041 4043 4046 4049 4052 4055 4058 4882 4883 4884 4885 4886 4887 4888 4889 4890 4891 4892 4893 4894 4895 4896 4897 6136 6137 6138 6139 6141 6143 6144 6145 6146 6147 6148
7 337 734 735 1944 1945 1946 7775
18 338 416 417 418 829 1155 1528 1529 1639 1640 1641 1642 1643 1644 1645 1646 1647 1648
78 339 693 759 1059 1060 1061 2042 2043 2044 2045 2046 2268 3768 3769 6844 6845 6846 6847 6848 6849 6850 6851 6852 6853 6854 6855 6856 6857 6858 6860 6862 6864 6866 6867 6868 6869 6870 6871 6872 6873 6874 6875 6876 6877 6878 6879 6880 6881 6882 6883 6884 6885 6886 6887 6888 6889 6890 6891 6892 6893 6894 6895 6896 6897 6898 9785 9786 9787 9788 9789 9790 9792 9794 9796 9798 9800 9801 9802
38 340 4258 4259 4260 4261 4262 4263 4264 4265 4266 4267 4268 5066 5067 5068 5069 5070 5071 5072 5073 5074 5075 5077 5079 5081 5083 5085 5087 5089 5091 5093 5095 5097 5099 5101 5103 5105 5107
9 341 7627 7629 7631 7633 7635 7637 7639 7641
2 342 1185
31 343 450 451 4189 4190 4191 4193 4195 4197 4199 4201 4203 4205 4207 4209 4211 4213 4215 4217 4219 4221 4223 4225 4227 4229 4231 4233 4235 7498 7500 7502
2 344 2494
23 345 658 1271 1272 1273 1274 1504 1505 1506 1679 1680 1681 1682 2358 2359 2360 2361 2362 2363 2364 2365 2366 2367
28 346 1456 1457 1458 1459 1460 1461 1462 1463 1464 3709 3710 3711 3712 3713 3714 3715 3716 3717 3718 3719 4355 4356 4357 4358 4359 4360 4361
19 347 1256 1257 1258 1259 1260 1261 1262 1263 3203 3204 3205 3206 3207 3382 3383 3384 3385 3386
12 348 1151 1152 1153 1634 3000 3001 3002 3003 3004 3005 3006
14 349 1813 1814 1815 2452 2453 2454 2455 2456 6483 6485 6487 6489 6491
