25 7468 6477 3794 3205 1074 9977 314 3914 6449 5011 2034 5904 1937 3818 8235 3531 1520 2778 2186 7202 9039 1311 9293 106 2271
11 2591 6225 9381 2132 2857 6699 7536 2122 2684 3848 3812
24 8227 2954 3311 7501 7815 5064 5764 362 686 1034 1303 2697 242 6832 448 8451 9561 1397 1765 3300 7503 9324 9587 4929
34 7227 4774 6282 2729 2894 8666 4230 3510 6679 6720 153 1156 1679 1976 2557 6041 9307 9501 9660 748 1749 5687 6530 1071 2277 1628 2052 2940 3206 7304 1137 4315 7683 3969
42 4796 7352 4431 5489 2844 9135 3014 5052 9904 6064 482 4371 3481 2916 4623 8903 9373 3071 6106 2017 7980 7530 1904 9051 65 2184 4747 6557 9700 6844 3897 4081 7702 5915 2515 9635 9545 244 7018 6532 4195 7161
2 7948 4177
37 2418 905 7679 7150 7658 5384 4433 8237 7014 9924 4854 5898 9184 369 5238 4876 7614 259 5638 9124 3533 4666 4563 6323 5648 6766 8270 8418 1058 1086 8248 1394 4835 6074 1802 965 2203
1 7206
13 3202 2269 8251 4691 6688 5327 455 9157 4647 9399 1472 4454 5723
4 2736 5169 5557 1652
49 2573 5802 7816 8667 1430 1428 4175 6274 7630 1947 3232 3277 5920 1940 9989 850 1253 1092 8199 9444 2629 4977 708 1041 4141 5941 6303 8150 1568 2865 7291 1298 2740 5829 654 1858 4169 4915 6157 7344 2133 1816 8387 4198 4967 8917 5582 1766 8019
3 9927 3504 722
3 4887 4772 7146
4 5982 9533 6564 4241
42 8890 31 3042 2835 6176 6294 8478 9716 1044 1566 1753 6261 9879 2801 3084 363 3656 4685 7417 77 1164 3319 8887 9271 4096 7670 608 7311 8951 1361 5051 1331 2753 7514 2256 114 1405 7261 5965 4083 6034 5504
7 1855 4862 6678 880 1144 7157 7467
7 9459 3926 9862 1882 4573 4898 7601
26 7110 3438 9748 624 3810 1582 4496 5306 5834 6046 6363 7516 9708 1435 5820 6576 2976 7042 2180 2834 4131 6604 9113 2393 7848 1318
23 8563 42 2270 2830 7009 8272 9422 1594 1927 5190 2415 4995 3642 4089 7918 1957 9445 4061 3447 944 1737 7906 9673
38 3560 2391 6592 7598 4393 840 6271 8594 5569 5999 5256 2363 9936 3871 2833 3382 3479 3517 8925 7594 8684 3646 2065 1101 8560 7301 7855 8524 6556 9086 8499 6196 1653 7865 1293 4783 8479 1507
2 1880 5334
2 7716 5821
26 6517 8498 4397 2579 803 2794 7273 4095 3996 3132 9298 7769 3846 8969 3942 6386 2220 7858 2918 8918 2306 1169 9070 3847 434 1948
13 2660 9253 3699 1180 8279 2119 2392 3898 8500 9266 1396 1942 3528
12 2176 742 8762 6602 7296 2376 1256 1730 2084 5929 1656 5665
68 1817 6158 5483 7135 1351 3768 800 4554 5932 4306 3837 2525 5998 7106 4488 96 7885 6451 9197 4708 7160 5224 2064 9620 74 3228 5428 2647 4989 745 2139 7289 7808 9712 7484 4163 3943 5004 5499 1301 6902 1985 3934 1793 9872 598 8291 36 2102 2471 3121 5290 5767 6272 1440 7262 1824 2633 6941 7797 9529 3888 5503 885 691 3165 9789 1343
18 9287 3917 2000 6229 1347 4381 5484 7337 9580 836 8023 5840 7504 3728 933 7989 2690 4716
16 9121 9840 1925 3001 3323 5758 6266 1173 4498 4946 5790 6299 3251 7493 7312 5672
68 8670 7940 605 8759 26 539 8891 5401 1026 2115 6264 5960 2284 4258 4934 750 1486 1891 5684 6078 6580 7340 8325 1895 5650 3322 4752 7290 8032 495 5590 7954 2676 4551 5644 7047 2088 4365 9119 9230 916 1930 2127 3359 3735 4003 6093 4884 2675 5078 8516 9535 574 2001 8193 7364 8314 409 2027 4928 7386 9958 1710 4254 5203 7625 3455 4120
7 4027 9548 1035 1177 7438 3685 6170
4 1135 7153 684 1088
4 5991 4580 1473 2724
1 7433
11 2384 6825 8950 3324 3512 78 985 2240 2263 5320 2509
14 5071 5410 1629 3902 6357 8366 1325 5460 1235 7021 8399 1052 7642 465
26 7325 1751 7942 9834 1592 3823 2077 7604 3332 2322 2400 1598 5266 771 9420 3995 4018 1197 5641 6926 358 1898 5119 7236 5798 8171
6 6527 1747 1060 8426 9718 1646
6 4471 9029 7736 6516 7488 7731
11 5903 1561 7720 8389 8549 21 6630 8998 2032 8225 6439
32 8967 8340 2491 8359 9065 143 2911 5481 5536 6531 4926 4490 1482 7099 9706 7806 551 2785 70 8482 6715 8770 1165 4246 1452 4509 2141 6651 642 8269 162 2273
37 3647 6222 9636 576 6904 5325 324 928 3396 6301 2096 4704 367 4768 5232 2275 5083 5427 6211 6993 365 2885 2947 2953 4746 5839 7666 6472 972 1967 2496 6411 7991 8220 9531 238 1003
55 5480 5437 2502 7029 7958 747 7644 9139 866 7648 9777 1477 4821 6931 9352 7055 2394 5575 91 862 123 8635 7003 2223 2086 8911 7639 8321 8655 4966 7745 5418 3150 7060 22 1740 8368 3801 6719 4792 4574 9837 3983 9165 1620 909 8502 5310 6144 1607 3083 1980 5242 7030 3994
4 1000 116 1014 1569
4 5091 4811 7134 3408
2 1339 9829
15 7581 6565 5123 5916 6852 931 6107 7714 429 4902 8049 1404 6097 9069 5944
63 3539 4763 360 8532 9556 1181 1541 4060 9038 7288 7992 752 2287 4906 4182 5099 7247 9290 5973 2373 6354 9221 9333 3567 595 5420 7823 7597 3099 6188 5596 1570 1982 8238 5339 7881 4250 6080 1374 7414 8714 8835 3486 3406 6407 9041 1953 3379 5799 7491 2114 3529 1175 4609 5145 8504 1792 8 573 1812 6330 1068 2848
36 203 8326 350 6547 7854 18 8090 8333 1274 1249 1130 8336 6315 1412 5454 6980 1198 5207 812 2054 7240 4886 202 5494 8456 899 2081 2226 1602 2583 7251 2575 6367 1493 5718 9860
33 6544 6217 6880 4173 5010 7478 9147 770 1413 3524 4183 7168 912 4202 6661 8017 2126 5104 7833 9458 889 1960 2194 4443 5116 8142 9656 4911 8589 3668 6415 2268 3032
29 476 1021 3453 9739 6634 876 1 6946 9270 578 8837 3363 5181 1252 4625 1660 3256 1565 9547 105 2819 7552 1911 4860 749 9492 1678 4101 5697
1 7632
13 7013 2693 9754 5858 3650 3433 3265 336 787 1085 6281 2514 2664
1 978
15 3321 8632 1481 3211 6405 1583 9416 281 7034 2159 4190 309 1091 7486 8543
36 2528 8501 8685 1036 2197 8311 887 1726 2348 4294 4505 4944 5045 8777 555 3981 5550 6369 484 2683 3344 4375 5264 5959 6421 6921 8852 9337 2890 679 7356 7660 9719 5319 3930 5029
20 306 4068 3325 879 7250 4773 9453 3940 2668 3503 535 4632 4858 5047 356 2543 7676 532 2648 3043
44 6686 6684 9962 6746 4263 2206 8625 3 4308 5038 1203 7487 4032 347 7214 8673 3978 5957 2997 8970 2417 3720 8552 4550 6332 3009 1031 4660 7821 6816 4930 2532 170 6194 9981 8125 3309 2158 145 4512 3815 2601 7370 1247
40 2718 3516 592 548 5412 3519 5365 8986 47 1918 1659 4900 5895 6481 2371 4104 7419 8018 2282 3971 7628 371 2780 7298 1183 3493 9209 2925 7149 8817 3831 6731 3649 6959 8751 1302 4267 4616 5022 7937
3 2887 1707 9117
31 2053 440 8182 3911 3360 8525 6840 4513 6351 4424 17 8972 3753 490 9340 2419 1574 9099 2831 1552 4567 3695 7294 3747 5487 9066 6737 299 2150 1575 224
5 3654 262 8394 2474 994
97 8088 1959 4709 8996 5255 3320 9257 4072 4436 4812 8619 1551 9179 2822 7277 1204 3725 8222 468 4055 5522 5605 7603 1578 2010 4524 5408 6254 1876 2253 270 4521 5564 8638 5006 6713 2309 6068 7748 110 6008 8234 4497 6970 2383 3948 5162 9312 900 1617 6122 9126 236 374 1340 1856 3484 4827 8683 754 2914 7852 4372 1161 3545 7568 9568 790 4504 9616 1926 3308 6776 4383 5395 6968 7803 3144 5318 2598 692 5984 213 8983 6923 6702 6045 8831 1257 8695 2974 1458 3130 2199 2497 9678 2055
17 6321 8886 8949 2315 9765 2756 3007 3451 504 1217 1825 2097 4033 6760 9218 160 675
3 6753 3126 7795
23 1159 6104 2092 4753 5340 7741 8412 5 1977 2037 3441 6309 8162 9978 1283 2931 4238 9057 1768 5952 6513 6823 1931
20 4941 1764 2726 5374 9273 8437 9156 9379 2793 3454 4404 5785 6010 3023 5676 7457 4965 7749 9158 247
29 5983 9258 7059 6384 4602 1708 4389 6343 443 5447 9838 2457 1167 5704 9500 333 1317 2712 5760 7840 3974 6605 7895 628 949 3775 4262 4834 4891
7 8824 6892 8551 7880 201 2652 4538
6 492 1623 4857 6155 8284 3737
17 8773 2977 7373 454 8975 438 8295 5054 9493 4272 5361 8863 3661 8858 3237 337 3883
84 8071 7680 9055 4939 1842 97 3733 7859 9615 6146 1342 9567 7285 8411 2612 5268 7872 5622 6389 6594 7668 7763 8294 652 6243 7265 7513 9821 9849 5844 1795 964 5900 9853 7740 2446 6437 5368 3314 3923 3806 9426 2607 8712 4451 5187 3841 5958 8250 8096 8169 8075 2149 68 8707 2960 9496 8025 3716 5702 9200 960 4531 6640 5180 6943 2179 2671 3370 7076 8076 3357 1450 5456 8178 4023 5195 678 3931 1288 930 3573 8834 7509
62 3358 3298 1115 3863 9979 1155 612 1741 5943 8514 416 1268 2402 5546 7933 9671 3797 5114 9433 6588 3466 9413 2248 4164 7096 9606 4529 2772 341 6716 3785 1083 5748 4430 4606 9125 1916 9425 695 2771 4046 6092 7124 8315 1110 7869 1743 4378 6036 279 6708 2962 8068 1675 319 6646 2990 9250 1463 6963 2734 7783
81 5226 7295 7978 1042 6125 9639 7994 5221 5431 8641 2423 1827 3189 3463 3765 5096 1141 3392 5731 6542 9001 4270 5360 7072 8132 720 9683 2024 5986 6339 2239 5964 9235 5770 2409 9948 4880 9537 572 1624 877 1549 5150 6476 6835 8015 8408 1727 1771 4499 5194 5775 2952 6444 8280 8956 9617 1912 2861 3909 4508 195 783 8861 9597 8884 9725 6027 4188 7576 7039 2802 6950 1716 182 6275 795 3182 118 2137 7111
27 8306 313 9138 8913 4548 8838 8721 3271 5753 6978 4777 5878 8424 386 7024 9875 469 834 8152 6885 5514 6839 1395 7777 2776 8130 5125
38 1399 3027 7280 2480 4819 6322 5870 4117 988 447 4234 1292 5781 1920 8668 5459 2453 755 9315 3054 9470 395 7492 566 8963 1799 2427 4723 6401 1467 6270 570 5779 7431 906 9797 4489 181
12 1192 1131 7579 4051 6543 8892 2806 8141 918 8259 8343 9374
8 2758 6306 4624 6887 1663 9552 3387 1359
4 6190 2858 2070 7182
9 5441 2677 6800 496 9781 4879 7348 4002 8210
6 7575 2710 5533 1466 1839 3985
1 820
1 4557
13 8596 2485 3404 7807 355 1334 8380 3303 5095 4957 4767 7388 9970
13 7804 9732 1416 2896 3669 494 2882 8276 9586 6769 6009 3181 8113
81 9954 2851 9804 4249 8038 9229 1422 6995 5997 4569 631 5457 8822 871 6567 9682 7450 1474 8115 288 3594 698 2173 243 8885 2645 2933 5763 8936 9083 8564 4286 9689 4649 2903 4472 1238 9711 3954 8694 4640 8651 4332 2522 4010 6551 9623 436 2222 7454 9018 9342 7170 9240 5397 7507 8966 1677 5074 2613 7500 9922 7908 2129 2808 1191 3715 5220 3247 8592 1065 1862 7583 9823 7332 9651 3240 4641 9424 50 2441
34 6377 3557 9601 3679 8746 4566 6779 2403 3436 5155 7107 3872 4564 86 2705 4179 5179 8547 3340 56 3691 552 3260 8317 797 3399 4776 7449 1952 6273 2789 508 7138 3097
17 1376 5842 3227 3703 2413 5151 5505 6132 6475 8623 8904 9697 2478 7705 9180 2483 7115
43 2939 3548 5977 4769 4828 4945 4251 6218 7551 888 3945 9263 1211 2761 2779 3970 5492 6153 1639 6701 7879 760 7052 9669 3832 1388 3318 7959 3804 6255 3756 7606 8114 4506 3711 9854 6595 8748 280 1271 2094 2584 5225
13 9377 5910 948 4664 8579 9302 340 5992 970 6955 2435 9867 2755
31 8730 4864 5905 886 6608 8045 7765 1502 8352 7394 8494 7772 1901 9169 5216 8992 1658 1045 547 3443 8647 6896 1357 5073 653 5614 2280 6853 4517 1082 6111
4 4469 6611 6676 9906
1 4793
59 8727 5148 9793 122 5617 7592 4895 9695 5297 586 451 2807 9438 1001 2766 6524 3418 4382 2041 5061 5009 7083 5165 5854 479 5175 791 5921 7133 8960 9388 7424 9009 1048 7128 9036 4969 6876 7949 3139 6436 4669 8993 3331 8763 3843 4203 3963 3069 4896 1632 8725 953 8474 5695 1828 1798 3984 1038
3 773 7586 3386
8 7678 8312 1963 8769 2623 8211 1596 8054
48 8303 2510 4482 3624 5222 977 6462 9578 2337 3039 1640 4962 2713 2957 8180 2989 125 2501 5467 8242 2689 8027 5696 3072 8846 5833 4167 5619 8765 1461 2721 4473 2656 5135 255 5797 6726 1790 7674 473 4413 108 5439 4402 4324 9598 5036 1212
10 4646 4212 4840 1354 5532 7194 7663 2338 3829 7393
1 1344
11 9483 2481 4953 5250 1431 2063 7788 488 6426 4029 6191
9 8965 1442 1033 5608 2071 2124 1579 8177 3021
30 3760 6484 8946 6540 712 7706 756 6417 3221 5316 4705 6820 9448 9647 6617 7062 8610 3395 9815 3469 5084 2121 2567 7164 7813 4481 4932 6962 6523 6113
13 4411 4500 7195 183 7368 5272 9542 427 1423 1744 6935 7850 8947
29 3936 799 4058 6197 9600 5506 33 1365 2144 8585 4162 6013 1176 8657 101 4850 8785 2796 9220 9367 3146 8643 8405 4341 777 6802 8137 5443 1558
62 4011 264 8471 14 4808 4612 8825 1983 9461 6043 8611 9335 999 1572 1657 2165 2797 5862 7366 9434 9792 126 5545 9481 5243 8407 3266 3838 8287 1758 2468 6937 5656 8396 9486 4790 5075 9285 3884 7829 4398 8256 9101 5525 9701 5588 8732 5685 5832 6714 6519 2362 1728 6522 4927 639 7359 5077 1516 239 4446 6288
62 9824 3682 4820 7077 1964 4568 2312 845 9017 2725 6510 2105 6908 1906 9177 7079 410 7649 3231 7645 9330 3763 2880 6022 2972 9692 4851 9415 8497 1382 8041 9812 8813 2634 8438 7631 4218 9785 8636 3417 5056 6990 4726 6673 4480 1648 9189 3836 1873 7751 2303 7987 5651 4745 625 7415 3183 9564 5455 8919 1720 5631
12 7025 2852 3788 7898 7031 601 1831 774 6059 8678 2246 4042
6 180 7563 5097 505 7351 7472
27 9723 5115 9167 4658 1281 5623 5349 8307 2443 6977 2236 808 8051 6376 8749 4353 9268 8510 9930 3234 2264 6203 3551 6344 1093 8771 9227
51 6039 8929 1199 6773 3980 9652 3591 7694 4771 6785 175 7562 516 3437 5278 910 7300 4888 4491 2644 8735 5372 818 8977 6584 668 8997 7896 6483 2231 30 3185 7308 3879 7215 3581 2085 7303 3712 522 1761 1011 8033 8174 8285 9539 1884 2259 5452 4485 4047
52 2212 4337 9421 1526 4245 9024 6161 6979 8866 3750 640 6232 9303 2078 2249 7162 1760 4328 7268 8507 593 3563 7027 629 5005 392 6700 5367 765 5269 1829 9811 3710 7569 7166 6489 4897 1807 5824 7963 7596 132 1122 2076 2039 9571 4784 1826 3128 9368 682 6494
27 1555 7125 8156 1649 3535 85 6223 1938 9269 6734 1621 9310 52 8327 4765 274 5043 8907 5305 9080 5989 4118 4459 8296 537 7148 3880
15 3608 6548 5141 8016 3118 4942 7235 83 1389 7264 246 703 4607 3937 3618
12 1067 9642 7558 191 3431 93 7121 7754 7917 269 7452 8740
16 9868 7436 6593 1498 5709 7547 721 5659 9442 1576 6353 8873 8894 4057 4677 6613
23 4829 3508 8780 8568 9997 3612 8355 8743 8757 844 5215 6578 7136 804 3427 7667 9973 13 226 5070 6172 7426 3749
93 3491 8844 5852 2242 8600 1531 9034 6372 2823 8037 861 4093 8583 458 2048 3915 9198 518 3543 2319 2979 5014 8241 659 1218 3350 5935 6728 7033 7244 9967 1671 5206 4565 5872 2847 8646 8801 8829 9174 1174 2798 3098 5987 6337 1742 2351 2692 5472 7225 2961 6388 9516 4782 7132 8689 9161 8724 3101 5805 8124 8768 3717 6278 2440 6356 8601 5701 111 2331 5700 5759 6391 6538 7333 7916 8616 1089 2345 2410 7217 1950 8013 6878 2434 6290 4597 2614 2588 2224 3799 3623 2770
2 2346 8718
53 8192 9744 5909 1610 3722 1400 5021 7782 8857 2630 8620 7497 3116 6644 5200 9730 851 8267 1063 4870 7541 3378 3606 9334 5183 3626 8648 6909 621 9953 6629 2318 7681 60 5806 1850 6905 8168 4813 2267 9327 8166 4050 7776 5209 4180 1123 4248 6703 2046 6992 4039 3458
26 9925 7767 5662 4069 827 8185 4534 9074 6050 8511 1840 2386 3391 2824 8928 4515 9332 5309 1822 7549 6508 9950 4014 4185 9783 4186
16 5968 9721 3727 6017 8889 2628 5547 4462 4206 4933 3886 63 6799 793 6598 5543
8 3341 8704 3805 4991 6349 3293 6512 8414
3 3708 7483 1439
18 563 1421 6207 6276 7996 6621 5469 3215 1641 8875 7591 9657 2987 9728 4363 330 5640 1020
33 7444 693 5669 1651 3502 7673 254 3119 7729 5167 4087 1487 2731 9807 425 3413 5092 8782 9553 3766 5625 5745 6736 3102 3223 7722 28 4766 5132 5733 7790 9431 4158
3 3578 3739 437
17 8968 6622 8080 161 1905 4322 8927 2011 6118 8584 3953 6314 674 1448 3464 3865 5501
69 6252 1670 3633 4600 393 3304 8922 9661 3235 6324 8078 1443 6525 3789 6336 261 8810 2467 4464 7219 794 8676 9650 7901 152 1185 3157 4695 2397 3488 3859 9963 1701 9059 5940 193 3037 4908 7045 8738 3997 8273 2095 3673 4552 8087 3328 8002 2272 6635 5351 1179 4598 2704 7538 9150 4553 2369 5040 1210 7216 6748 5473 6789 3201 9261 8591 6345 3286
33 1626 9456 189 3179 9295 991 2546 6755 7610 8820 1781 141 3169 7090 1772 2216 4140 4734 338 4035 6973 1375 2372 1955 5262 1544 2569 3505 6049 8485 4892 9244 4145
13 2430 4345 4561 441 8534 553 4735 9130 6677 7943 9355 3106 2163
27 4818 5848 9248 6854 9825 472 7313 9203 9637 7620 2853 177 2590 2688 5548 7305 7531 8916 9016 8871 4878 5389 5050 2924 8897 7868 2208
14 7061 6056 8459 1358 7143 6511 3173 3347 663 9427 2281 7327 743 8375
4 5059 4136 5279 2627
38 7909 155 194 2454 6616 874 3637 1049 1536 205 1415 9534 6169 252 1769 5912 6028 6932 7762 3419 3700 3820 5146 5549 7390 1991 2820 2057 498 8353 1732 7057 2332 8659 6408 9358 4754 3120
13 7613 4043 4412 5287 5961 7174 7000 8526 1525 1818 2416 3889 7986
1 3207
4 364 2343 249 1562
11 8253 9810 7380 8341 3973 8468 5229 8624 5284 7241 1923
20 719 5721 5813 1059 4108 6117 6096 5632 8014 1877 9353 9939 5825 7523 8460 4239 4256 7011 6915 7049
49 1178 5307 6499 8995 7811 8923 9668 2551 8843 8365 772 5816 3776 5810 7903 5378 5563 9790 150 9964 3813 4030 4872 7459 3065 8446 3780 192 7208 8067 6103 9141 711 3610 4707 6057 8872 5892 971 3672 9348 3383 2073 5356 9809 540 7966 62 4955
15 9803 8442 6007 7939 5328 7698 5163 7 6105 459 1711 3652 7883 6486 557
26 1844 8881 432 6419 6086 1704 8472 2295 8001 4800 8255 8066 8371 9007 1469 8398 8079 4305 3423 7950 9027 9201 9955 9632 5511 6919
24 7773 7521 8167 8609 788 2922 5879 3306 2878 6623 1116 7652 5784 4587 1881 8361 3000 1684 4276 3217 5558 9234 4804 8874
13 2288 4470 5343 9403 4636 5864 767 881 3536 6072 4172 1320 3259
17 4679 8722 2817 4518 5449 9414 5594 9944 6440 4313 6939 9226 7981 993 4444 1834 8301
5 3696 6129 643 2298 7375
57 5886 4229 7982 5647 7656 6642 2895 7469 1109 1172 3793 9844 3107 3993 8558 1932 4283 6738 7860 644 7470 9566 893 3882 6088 7006 8148 1106 6867 8818 3258 5667 6443 6636 7905 6136 401 9859 5458 9116 7008 1330 6810 7888 6073 8519 611 6205 2622 7279 3100 8416 12 681 8612 6253 5586
7 1381 6521 6964 1861 5265 9994 1547
3 2445 3952 5020
15 6879 3334 5317 8244 1478 5470 7242 8441 8720 9081 216 2100 5579 5707 8147
44 9252 7835 4439 329 9013 2145 3746 4655 5789 9219 67 7944 738 3082 9043 9319 9640 8257 9940 1865 6414 989 1480 2814 5725 6860 7445 3452 4822 7565 9841 3550 6865 543 1496 5446 138 2104 2469 4579 5508 5587 512 4124
11 5513 2809 7633 4224 8745 614 8004 4128 8413 1409 3478
20 4483 3153 5448 6400 9391 4920 3956 9902 1470 4681 7389 5552 9265 5468 6590 3781 6347 4130 6806 8131
3 9550 6441 343
6 9763 3530 6430 7778 9986 1722
1 9520
1 9359
36 4070 1682 4135 9897 7971 1513 2074 3315 5828 7671 2155 7408 2283 7189 7316 7934 8561 9497 1524 4235 6062 9047 2706 4152 76 9100 7053 6133 6465 3094 8050 6668 6379 3684 107 5857
25 4138 8107 5762 6974 8201 9648 3864 9895 559 1813 6262 1759 6300 8971 9363 2326 8753 1811 8275 3034 5633 6250 1655 2354 4133
35 9044 1316 819 852 9503 415 6518 6705 8649 4259 7805 8439 463 4160 2719 1903 6552 9343 4440 2067 2189 7616 3446 4634 1631 403 2563 8644 2252 1402 6579 6395 3894 4031 8710
14 2951 4961 7187 8161 8417 8778 8867 9206 1746 3142 6267 3662 4242 4292
4 9515 6482 291 1559
40 3381 137 2191 688 5140 8348 9686 6226 9609 8126 1604 3792 1239 4757 5612 5925 9040 8663 4221 7425 7665 7793 9945 3965 3899 7863 4605 2215 4388 3449 875 5995 4628 8877 6180 9455 1791 2539 4651 9638
1 1114
1 5578
12 872 4727 8357 6907 5394 7707 8029 1936 8231 4385 6725 4846
5 7122 2760 9072 2125 3620
16 9251 8815 8606 9590 9942 7995 597 6079 1255 406 7611 4038 2687 4642 1336 1510
19 8184 807 5239 7103 9297 6016 2210 4841 1207 9320 391 3336 7818 8577 4408 3244 8005 2090 4837
20 1778 6076 1789 6614 3853 9818 969 6612 1236 5907 9738 3641 5109 5616 9006 9317 1783 3925 6487 2597
16 7464 2237 3061 6327 6597 5604 421 4786 6569 4279 6094 5931 2336 7163 1233 6185
23 9360 2380 2849 4539 5690 717 996 3159 669 317 4441 4556 9192 2148 3356 5793 1694 4595 5581 7017 2456 8750 3562
33 8578 1821 8153 9478 1111 6075 1056 2984 3741 5694 7139 1618 352 4076 2116 9357 8436 5855 3721 2257 2750 9210 6954 1264 7897 2728 5291 426 5100 9060 8880 9828 2586
3 5478 1944 1705
6 3709 1699 3657 4620 2842 5571
14 4528 4492 7267 1367 6572 8081 1899 3374 7392 2811 2836 9364 515 4622
20 7621 6490 2505 232 5715 9727 3352 7961 8164 4696 331 637 6448 8811 3498 5528 2665 2449 9168 6479
1 1545
17 8402 822 1864 2196 2444 9294 7496 8205 2552 7286 8026 1080 2290 1585 4113 1872 3588
3 3827 2451 6350
12 2297 3111 3141 1497 6390 9224 228 4316 4535 8196 135 4803
17 1563 1433 3635 4830 7068 3778 6581 8173 457 8278 8363 1224 4594 8337 9604 7418 20
31 7147 5782 9071 7511 1889 3731 9933 1007 7688 8828 148 8218 1894 4364 8391 9105 1364 2703 4645 8483 8987 1446 2982 4947 951 3074 5366 6121 3910 5689 5859
12 4420 6470 1683 2422 4356 4610 8952 9572 6601 2059 5144 1139
4 5067 1308 3041 1805
60 5553 6365 344 8841 9747 3301 7985 6967 9428 7938 6534 7624 1809 4755 2377 3075 9155 6120 2489 1665 5133 2994 6237 4289 1309 6940 865 5342 2029 1451 7126 9591 7785 8905 4979 1055 2325 545 8109 1133 9655 3770 1425 6317 9905 6458 1270 6833 6001 7910 5399 8942 2884 6366 2821 8628 8981 3568 4062 9517
5 7355 4181 6005 6873 9380
23 7362 470 561 7248 8672 9058 9599 2428 3210 9741 6325 5248 9507 334 2517 4395 9178 3845 2083 6406 7801 461 1300
22 1208 9109 388 5950 4530 6248 4004 4314 816 1219 2003 2407 5430 6184 1321 2936 4025 6420 4220 5899 9835 6467
33 3614 5498 6340 6362 1808 6291 3771 4614 6928 9004 1154 7054 8454 2504 2859 302 9094 5666 4300 529 2294 1686 2958 2228 1220 8826 6707 501 5613 9850 4216 4903 142
20 1319 6692 8830 7771 4415 4012 6680 2768 4107 1333 5509 5794 5812 3867 4333 5889 7927 7968 7794 8556
28 7284 1763 2589 5138 3280 4335 6014 6947 7437 8959 4611 5680 1485 4019 7739 8385 4856 8812 2266 9674 2535 7595 1668 6573 1504 5542 7826 3586
6 4006 5377 9463 5711 6509 8430
2 7760 6603
37 5649 7113 5382 1676 9289 7662 8070 1857 2450 2741 6434 7299 7664 8423 2494 4178 6140 7559 9629 215 4257 6774 7435 7619 5280 5283 9995 7026 1152 7480 124 121 7407 1120 2625 8455 231
17 23 884 4572 5171 5346 6244 9608 6134 2042 528 1490 2596 5400 1231 1788 3630 8700
15 368 9921 5053 6241 5421 27 2035 5800 937 5972 7890 5735 1974 7976 3569
41 6591 581 7330 7947 5486 257 3900 4940 6813 9030 3209 3354 3571 4983 8954 1797 4244 8011 8345 2500 3526 3547 79 3220 7686 5202 2991 7607 9159 2258 7693 1837 7697 5787 8246 5414 9454 3559 8697 6881 4338
39 6960 3752 4635 7101 8431 9092 2715 870 5241 4442 4972 5749 2970 3022 9998 2379 5962 3852 898 3052 4741 9400 3255 7525 9386 5172 7770 7439 4718 2152 7331 5199 8859 405 1739 3263 9662 811 7404
7 6090 6355 2599 2795 3143 6089 8331
73 6912 9519 9659 2128 4730 8304 762 3407 4232 8652 9908 919 1535 2879 2968 3487 9624 1262 3738 4759 5496 5827 8072 1914 1915 2827 4671 6131 7902 5495 9082 2234 2344 2682 3558 8384 8790 9154 1786 2915 5126 8258 2378 1871 9389 4326 6788 196 471 6460 2311 3485 8322 4284 9555 220 4280 5896 4656 2769 6474 176 8755 5386 7466 6393 3012 2360 7856 6821 6130 6428 3380
2 6031 5891
11 6515 6845 3790 7560 9460 2572 6848 8165 556 2587 1304
17 8605 9658 9474 2556 5124 5426 5597 5348 6561 7065 8082 9205 4063 6945 9764 9898 1378
25 7809 9231 9585 134 1814 1979 3158 6224 6681 8665 3968 5737 8658 4339 5362 7328 15 3465 3822 4683 3351 6128 7086 859 4091
2 5444 6152
15 5371 2777 6348 7095 9239 3113 7629 6927 2120 727 6413 9362 5375 3593 8453
9 4417 3353 1614 577 2387 1892 2490 3123 8527
14 9530 664 673 1836 2867 3264 1476 2826 7317 6468 287 4149 5352 9915
20 7109 4361 7476 9394 3600 4825 9731 5541 40 3856 1775 4990 542 4938 2087 634 8214 9410 7669 3204
36 9186 9735 5134 3135 9848 2619 5570 4925 5350 9966 680 1533 3957 6526 8065 979 1702 7634 7830 3273 4024 4570 7446 8808 4919 9938 7197 8467 4874 6858 8604 1841 5301 1279 3262 4662
34 4301 71 1835 5376 3195 9951 9171 7326 2185 3772 2130 6071 6179 3873 5565 3658 4452 8163 6358 9937 6743 3203 6469 480 2662 3070 2829 1012 2909 9602 64 4348 491 144
60 6463 687 8473 609 1685 5404 348 1258 4447 5106 5893 7461 7718 8475 1371 2653 5117 2762 4073 5156 6279 9129 3992 7028 6790 8893 3730 4423 8206 3949 4119 7448 1921 4142 5946 7802 8108 353 2908 5405 293 5345 5724 6958 904 4351 5416 8233 456 1969 3429 8598 9745 1296 9645 2329 8540 7201 9593 9990
47 7990 9621 3439 813 5391 1229 4015 776 4205 5211 550 6256 6259 1554 2487 9788 967 5518 2670 4824 6563 8188 8202 5908 9376 5664 6099 3959 5801 5980 7078 323 6550 7490 1553 5322 6042 7334 9505 2937 3919 8805 9512 9607 3393 4712 7700
2 6403 9569
6 666 39 7534 3246 4584 7733
13 873 1411 3890 3534 7643 8565 9784 5502 5738 4751 5580 198 5174
9 7482 4344 8806 4049 9761 6864 936 3376 4592
5 9349 4419 5811 4134 9304
58 311 6208 549 3145 5851 5639 8077 9880 4913 8099 1666 9011 3330 1385 8061 5062 7510 9392 7200 3216 6416 1847 3590 6898 9299 9053 6313 34 3613 3079 5236 5450 6038 2353 9457 869 2439 4937 5599 805 2307 44 3814 3761 2892 7839 5249 8984 660 646 1971 8533 2108 8392 7178 2988 8597 2659
26 1803 3694 6988 2021 6297 9649 9672 6966 7524 4189 9015 9957 3405 7798 2207 4053 6948 5208 6983 9384 7004 6378 2093 8288 3342 4243
4 7972 8215 9245 6
16 1023 6520 5465 7555 4082 6717 4427 1868 7397 8931 10 959 3759 4626 6756 8122
3 2412 9301 2964
24 3824 984 2330 5260 9726 2642 5330 2698 2843 2340 2033 5894 724 4988 7082 5884 2905 3501 5423 2484 6620 4576 895 8535
14 8711 6665 4016 5275 7814 3744 6352 3285 149 9795 786 3521 7515 7641
76 4736 382 2637 8224 5531 9787 1408 9151 2702 4092 6037 9583 4040 4295 8626 294 5873 9855 6231 3480 4617 7608 9213 8232 4075 2043 8228 7105 1958 2900 7715 8569 6497 1348 3670 4881 2452 4986 5568 868 7131 9149 729 3683 5490 9114 5292 9032 452 980 8544 8896 6712 4064 841 3275 779 3561 4026 6797 1145 9344 7819 4849 6723 6492 5488 9408 4816 3582 1647 9889 2746 1972 7405 5253
162 5969 2893 3688 462 2358 6471 1050 9233 2200 3839 6798 420 5032 9709 7887 1917 5015 307 778 635 8140 1924 335 130 8539 562 3636 8470 3913 8901 5065 4778 1534 6171 9870 2062 7780 5600 3026 8854 4197 6568 9012 4732 6599 3726 4456 1202 1748 966 1069 9603 3627 4719 5911 5936 6574 1250 5028 903 5127 7974 8796 9173 3175 8427 9694 924 3058 7964 2459 6047 1291 6747 2068 4105 6398 8143 1669 5534 9526 2157 9928 2617 9073 7543 1823 8318 2103 7526 2023 2317 4396 6856 8216 9 2109 7837 2030 5177 104 8899 1157 7231 2606 6528 9260 2560 9390 7155 7582 526 276 1417 3977 751 7537 4110 7213 8144 2058 9022 2365 7411 8123 1234 6138 7812 214 1387 1988 4187 8574 3876 7272 1870 6890 3602 9643 9419 8415 4304 8869 478 5681 253 9378 8617 2816 1449 8656 9188 4749 890 9241 2650 9370 6585 5246 3224 6888 5273
14 7347 8373 995 8508 8953 1390 5761 8260 3015 5257 6085 1377 7983 3313
40 7015 6066 8064 1645 6445 6427 223 2602 3031 764 4722 1126 2192 2913 2167 267 5747 8281 412 7892 763 5048 8839 2722 5184 5913 8761 1350 4577 8752 3434 3494 4209 7867 2763 2993 3609 5396 207 2530
6 4329 1285 2368 2461 2462 4432
15 499 2593 2624 3506 3796 9264 9984 1787 5019 5433 6284 9236 4079 6805 737
30 7522 8496 2292 3532 4533 5988 2301 5228 9242 670 4650 5791 9480 2767 9280 5355 9482 3932 5057 9506 6149 1600 2201 8450 4797 810 8098 1673 9311 5606
15 5332 3388 5917 7727 1939 7185 9490 431 9106 1201 8855 6730 3961 5251 626
6 1146 1016 7528 3566 6015 3619
38 9693 2948 120 2019 3002 5901 6764 1750 7886 4457 4889 3509 2 4526 6837 3274 3522 4460 1043 7712 2906 4343 5795 6052 9212 2930 2950 3087 5271 9992 531 5726 8696 2661 7566 5515 7955 4865
13 9346 8958 6740 8048 3742 7584 8580 9713 5193 5482 7847 8263 2691
1 3638
14 3147 408 6293 5589 6850 2805 9385 7176 1186 5561 3689 7650 129 4320
5 8788 7056 1102 2300 1150
30 3861 2955 3584 6814 4571 1420 5263 373 9584 5085 139 4425 7378 3045 1801 8176 8383 8990 1434 6628 2175 3577 7717 250 6667 2632 1401 7123 8151 9916
69 1027 4122 1849 9833 9894 3338 7623 7747 9398 2754 5380 5949 7589 312 5118 7080 7165 5628 5258 8354 5024 5530 6432 418 1073 3719 4392 9095 453 1314 1460 4743 3059 6697 2545 9734 8908 882 204 6285 7377 1619 6175 7222 7354 7695 7915 9527 9782 46 4132 4384 6373 9749 8364 8800 2232 2389 8282 2568 7532 133 2732 7728 4859 2727 878 6286 9329
1 1190
19 1105 9985 8290 9999 7259 1213 2204 4210 8063 8097 5736 6999 1260 2110 2431 2473 4956 7518 2134
4 2866 4744 318 3755
4 6018 6011 6685 2813
1 6834
38 3291 3986 9021 320 3020 156 1755 4952 5475 7775 3368 8170 8622 9145 1521 4486 3470 7737 2361 7205 9614 2655 6778 3944 7570 8369 3874 8680 9622 9771 383 6741 2404 4265 6666 8052 8135 8847
5 2486 702 5703 6874 2049
38 4520 8028 1356 4355 4720 5087 8821 2364 3117 3137 6891 450 2016 3327 3122 5379 2792 3063 3136 4362 5559 5773 6380 7923 8536 2050 3343 4748 7274 7800 9576 9961 5493 5661 4845 1672 8705 710
4 3225 4476 4801 5629
5 835 9491 9641 932 1887
2 7075 8490
31 9418 4823 5671 8444 6098 8266 9439 590 6998 2425 221 6609 8941 8461 3421 1355 701 8924 3950 3335 2846 9551 6394 3241 5413 1391 5353 6488 1275 6930 3346
18 7684 6911 2526 5079 171 5939 8742 2238 6383 3003 2646 544 2213 9959 7752 4905 8709 939
7 1246 4084 251 1495 2131 397 3825
5 4868 4608 1456 6664 638
26 7506 1709 2876 8334 285 1615 2523 3740 8493 1949 588 5653 411 3955 7786 5336 2229 4009 5804 8358 4710 8756 3881 4582 1287 5682
6 766 5267 5102 8320 9975 2818
10 4467 8895 7519 5652 5286 8945 1297 6625 7758 5398
19 5780 3828 5008 7930 8254 9471 5072 7127 4054 5976 6165 9949 4924 6819 521 485 3401 5128 1019
10 8553 5000 5635 5883 3811 6148 6626 7010 1098 5173
21 310 4698 7703 9929 4863 8948 990 9465 4998 3927 4697 7343 339 1518 235 8007 6886 173 8933 9822 2225
18 4588 9462 4405 2476 3292 831 3422 5107 6331 2503 7183 4192 8388 2946 326 8476 2969 3723
51 8330 9175 1282 1119 4971 6936 9919 5850 6566 7420 8914 744 5610 647 7051 5674 9062 54 3791 6177 1909 6791 525 8988 3497 5865 9190 7371 3456 9091 4809 1168 8910 4589 1182 4201 7324 6227 7145 3267 5252 7365 3089 7832 1471 4407 8403 2227 733 5765 9430
13 7453 4493 8189 7997 6173 6495 212 952 2998 2534 8687 9054 9097
3 4838 5705 7713
45 1973 486 377 7962 2382 3905 9211 1819 7387 8095 2765 7498 4603 2310 8888 5201 6051 9284 3525 6951 8160 4680 7651 9891 6054 9575 9814 5331 7358 2850 3595 9508 829 5312 8528 6459 3906 2594 6866 8495 8760 4997 9259 7734 2544
56 3362 9920 1736 8809 3178 940 7899 6446 9605 4217 8961 2945 8654 2183 891 7074 8138 1680 8003 2996 1509 6215 857 9560 4458 4917 399 7321 8308 4297 6906 5149 587 4085 4978 897 8781 6796 8093 349 2044 618 9759 4805 725 5951 5526 5131 5438 8386 131 4045 9710 963 2856 136
5 3088 3056 2251 9152 2840
23 7913 613 9737 4005 3844 5626 8006 9878 833 1514 2959 3385 6174 1804 2743 4756 342 3500 5230 3520 7873 7254 4319
56 2620 3213 1432 2334 3180 3345 9143 6859 7130 9751 7154 6108 6627 8937 424 649 1455 5607 9802 8779 2562 6632 5722 2255 731 5093 6370 59 4970 6091 6126 9063 2250 9308 2479 2188 7822 8634 6872 6671 2304 4318 4631 4861 9111 9208 5276 1738 4215 8134 9247 2863 7920 5308 1851 8377
7 1998 9163 6464 5105 9665 9772 8154
43 9249 4438 6894 6830 9644 2549 3676 3681 3835 4639 5463 5572 5634 9112 354 4968 736 6976 1634 2926 1996 4360 7158 9917 1248 4445 2700 5315 1643 4613 8183 9932 4007 8452 782 2733 5303 1517 4960 6638 4422 9023 3589
41 7108 2812 3496 7842 3006 4154 6019 9843 1712 2872 6145 6537 9952 2154 2302 4157 380 1754 5544 9946 1690 3013 7882 1380 2289 9108 90 1259 5677 6553 2101 1506 5210 7179 9288 3999 2723 5002 7638 9494 2845
10 1922 4275 9322 538 5103 5098 6431 7191 1051 6795
20 6143 9194 4974 7181 6183 346 7675 2107 7403 3194 1095 2553 6648 402 8286 2564 1756 3268 8741 9281
17 1874 2171 2112 9048 2524 2694 4762 5520 706 3046 4540 8492 1243 1508 1573 316 3929
1 3870
11 2015 6319 6914 6230 75 1556 4116 7413 1112 2447 6221
38 1140 3432 4121 6562 8481 784 4844 1099 3674 596 2408 8443 2160 5803 1505 2367 260 3033 8669 9753 7396 3514 8491 5411 623 5274 4922 7349 3080 6082 7593 6505 858 9446 9876 9871 1681 9536
20 8047 6596 2527 8469 4401 3634 2516 3243 5778 5188 7730 4982 3787 1587 3982 2164 5392 8486 4590 6260
38 1061 3297 579 7701 8554 6498 2421 5120 7647 2832 1571 2752 5153 8537 4994 7085 7338 7843 509 1945 4299 4689 5792 9079 6698 9758 2460 4621 7796 8517 7750 1312 2874 6704 3862 6030 8530 2841
32 3230 1642 2667 295 9014 2980 1136 8603 1370 4466 4670 2482 6757 9881 8621 6425 2554 4787 5585 2396 4789 3842 5974 3908 4890 6328 9717 4519 5259 6496 1278 5720
57 943 3492 9831 6187 8807 7137 3131 7382 8100 2574 716 3355 5007 6918 8117 9923 3858 6061 4312 6641 296 958 4711 7283 9136 6213 7726 546 1104 1242 2005 7341 1951 2547 5849 6863 3574 2174 5524 8252 8898 4909 619 5033 9667 9318 1454 7335 7073 6422 4400 1151 234 6862 4702 4883 1929
32 6583 1132 1538 7363 1322 2499 1854 5994 6793 7836 9798 4252 4468 8374 9562 2786 3397 1897 4342 49 7278 3151 7012 3757 5728 2355 1733 4541 1107 9498 1070 9532
54 7779 8397 4663 7257 5675 3604 3938 1062 7857 3920 3483 6033 6083 1366 6975 2218 5863 9778 1117 9185 1263 6167 2458 6770 534 6192 5270 7517 6289 667 7207 4303 1774 7724 3078 5111 6781 2339 6067 1265 4222 4627 2388 3511 2146 4013 4729 7900 158 759 2038 3565 385 2508
15 9019 3964 9856 604 1806 7789 4674 5814 6754 1501 6195 7495 1403 3628 5244
33 4717 4022 1703 2749 2773 7120 8268 2570 7269 2640 9816 7002 7827 4694 8733 9887 3495 2533 8044 7617 8926 913 2187 4391 1718 9309 4555 7542 263 8688 7474 632 9766
4 6610 2747 2907 5293
1 240
7 4949 4715 3199 5003 5130 8440 9677
89 6238 5593 2825 4802 2615 8934 2790 442 2889 8851 1919 3468 2815 1537 3718 5121 3754 9127 185 1310 1453 1622 3310 7046 1700 7732 9214 5595 5655 283 2472 5755 974 5739 9800 2873 5453 2221 7043 1595 3085 8008 2707 9570 3901 4921 7831 732 7654 503 8513 2211 6442 2800 9162 2910 6000 3659 4347 7946 3412 9262 8682 9369 1468 2943 3962 792 6882 1800 2195 6826 3473 3892 6219 2341 7098 7089 5843 7302 6310 1184 9132 7578 5476 197 9237 9243 7441
4 5979 5094 2004 7036
2 4325 8618
7 8719 6910 8073 9663 2214 9836 7410
38 1284 9275 645 3076 5933 6869 8053 167 2002 3802 7931 7945 8487 9594 915 1153 2299 3782 5836 6751 163 2935 4686 7951 3044 6554 9791 4675 6318 2550 1946 6727 7622 3018 7038 9801 1383 998
22 1018 1437 3621 6385 2638 3784 9387 914 1081 8390 8572 3198 3214 8092 390 1232 1398 3798 4219 7385 2558 3631
1 218
20 1956 946 9943 7342 5152 3296 8900 9232 446 3611 7774 2241 9440 8305 4721 4237 6234 6841 3860 9796
28 4644 1427 4148 8529 5166 6503 2995 4668 4852 8909 3736 9170 1064 9909 8615 9736 740 2513 7723 9196 1989 4264 4350 4293 4253 7564 1266 3857
35 1022 3707 2395 6956 7369 5822 7022 4478 7481 2938 5013 5323 6163 1796 7221 5927 2314 6934 4866 366 7159 8639 5407 3077 2775 4296 2521 8804 7893 4522 3287 53 3878 1692 8789
16 8571 5621 5556 9865 1216 5223 6817 5017 938 4672 7878 4274 6032 1096 8576 6342
35 7346 2308 864 4950 589 3104 6320 230 8240 7672 582 2136 7757 8798 9755 9756 4204 5540 8010 9338 7546 6674 6102 80 1935 8836 9960 3125 9839 3598 428 3219 8512 8879 5108
50 923 1479 6065 6899 5185 510 5485 6953 1475 2730 6577 8693 9524 4406 4785 6235 8964 9447 9681 9987 127 1149 3248 3764 5786 6883 8827 8842 115 2323 2888 3191 3998 6201 4302 8300 199 4461 5474 8550 4199 9592 3745 5333 2168 9502 9356 4463 147 6650
1 9910
15 9914 5637 9499 2636 8973 3960 6240 7440 1717 7260 9703 676 4278 1171 3617
1 2448
35 1546 2350 2685 3687 4904 2870 6006 9874 4654 7661 9098 1539 6539 3583 1762 5313 51 4310 6081 8421 9437 9779 1693 2475 4975 7866 66 1237 3377 5139 571 1661 1004 4724 7058
59 2709 3660 6709 8976 5740 9025 4336 6969 8316 8876 5101 1522 4394 1603 2611 6258 9518 2291 9193 8860 2679 7374 9911 3305 3440 87 7212 1846 9900 4652 8570 3653 4527 7540 8631 9365 2279 7605 4126 9375 5880 5706 7587 6589 3282 5058 1820 8404 1941 9488 3677 5796 9085 5882 7485 7175 3372 863 4725
4 1529 584 6200 2463
12 641 4779 4449 7544 9596 398 1483 6857 2113 4067 6533 4103
14 4317 5344 1426 6582 8298 3537 43 1780 7142 7588 9826 2433 4074 9770
32 2177 4144 9026 7520 8506 1094 1462 6669 7071 3472 3868 6287 9102 633 828 2610 1745 4370 8542 4354 6077 6396 3016 9093 9863 6897 5527 7044 290 1128 2082 2897
51 9740 2405 6687 2342 2966 4174 4340 3680 6452 7023 9861 7233 8339 9341 707 5042 9033 3192 4036 5846 1691 6691 2013 4688 7081 2493 9417 6986 5388 1581 5434 1548 9142 4993 3967 4798 8419 683 6308 7350 3038 7361 9577 1687 7834 8677 3663 449 6283 4331 8350
1 5254
46 2541 4373 6884 1087 500 3556 5337 8060 8744 6374 9690 3152 9808 7112 6507 2170 7339 8985 7199 7256 3212 9475 6504 7238 4676 8372 2799 9432 6334 8362 2674 9611 3474 5277 404 3124 8980 3460 8802 7281 7820 9884 2390 3133 3713 9476
1 7458
4 1785 2411 1589 5841
12 7936 7891 5679 6801 935 6645 3091 7784 4159 487 5918 5370
10 5975 2470 4231 322 2548 7742 5807 8181 2182 9172
17 3729 5147 7416 7719 4168 4368 4770 5364 6164 8221 8409 305 7427 8264 9676 9762 976
61 3367 5357 4269 1187 6268 6506 2716 289 4409 8127 1368 3625 5363 6989 1078 2855 8058 217 9699 8608 8716 5750 444 6925 1961 6368 9896 567 2929 6447 1636 140 5577 6571 82 5154 5217 5670 3250 5837 5861 8466 785 1444 3428 4386 4453 5926 7203 7310 8991 9423 2477 4817 5417 2663 9467 1934 2978 4165 6721
15 8000 8590 1124 7590 8523 982 4236 7315 9858 2254 7735 569 5772 7828 8921
4 7655 9336 6631 3643
4 3086 7844 507 1009
23 5573 6249 6335 8110 4901 6435 8083 7462 8664 9729 1076 1360 2875 5157 5055 7245 3587 3425 282 1277 1324 4448 7527
4 5985 8344 9238 962
19 4604 5657 536 6803 9469 5512 4369 6808 8186 9350 2437 5436 9565 1329 1832 3233 3242 3349 4156
13 8422 8335 351 188 6535 8503 7919 146 6657 9435 973 2381 3975
31 2265 6545 6768 1590 6729 4240 3390 1599 7297 1954 1025 4114 9061 696 3019 5928 1424 3482 1519 9630 6683 6624 3597 8195 1990 6070 1047 1933 5016 843 7173
7 8758 1706 9199 2561 7699 4000 4281
61 2099 5809 493 5815 2075 7556 5294 9684 1540 5122 5429 6454 4549 4077 8754 9228 3062 6659 7841 1782 3678 6771 2542 6326 8429 3283 7409 414 2631 7322 3177 2565 4591 6137 9612 7001 3011 3226 3665 3819 5752 1890 3808 6257 6982 1188 901 1719 6364 6811 728 7177 9522 6162 7545 4545 917 968 4474 6920 6997
7 8111 6480 81 7635 867 3337 2983
62 7862 1776 9372 5164 5776 1280 6371 9540 9484 5603 690 2156 3599 4996 847 2069 3394 5754 2025 4899 6559 9383 5160 1577 9988 8692 2891 8223 9215 6025 8515 3924 925 6763 5110 4739 8488 8794 5191 4633 5302 5673 2810 5741 5523 8101 4102 5938 7091 1714 3803 8400 8627 8814 6777 151 4487 9972 8645 3155 2956 2276
15 9913 8245 854 3312 8940 2495 6311 272 7192 5338 6792 3748 7577 8522 8870
27 4321 361 2333 3941 4416 4976 5551 7100 7479 1307 6312 8247 5432 1779 4367 2098 7228 2492 9064 9912 2518 2580 3523 4963 7626 5035 9176
17 4048 789 6647 6855 7275 5658 8581 5978 6812 7725 327 2604 5591 4211 7708 9272 8022
2 1002 8119
9 2751 2678 7924 6387 7988 8819 3278 5479 6127
65 3193 894 9541 6333 2654 9613 7599 8031 3552 8902 5847 7744 5136 9653 9899 8207 2608 1488 5876 3467 4290 2921 7922 9008 1193 5521 8289 4097 8593 2066 3896 6204 9877 715 5611 6233 7007 7489 8283 3907 8401 9279 4291 5039 6758 9634 9181 466 5691 184 4146 6181 9893 99 1731 7618 2349 796 5560 2040 8105 2708 1337 9339 8069
1 89
31 9449 9750 2018 2178 4678 9903 3060 4510 6087 1999 9971 112 4581 237 5026 8775 1328 2328 1667 2616 8717 2260 3339 4501 7151 9292 1523 3064 5289 3110 4374
1 7376
36 233 6382 8845 8935 9687 7050 9397 9588 9714 1166 1457 2488 2886 4701 5845 9050 9067 2209 4516 8094 3928 4125 4213 7998 4288 7167 2864 5311 6461 8313 1928 7973 413 1611 7761 1410
4 8878 8982 3690 8582
36 174 8230 3166 5830 7019 73 165 2091 2592 9031 9582 564 1028 1591 3592 6824 16 2466 2877 3448 5823 5937 8729 839 3714 6020 6672 6991 9103 9225 1129 3935 5618 6242 8706 616
50 6745 3507 1118 5624 7226 5159 6722 5708 8293 3186 4615 4985 1369 648 7999 6653 987 5409 9780 1975 5030 5630 8944 1195 3004 9089 4193 5314 9441 860 8299 2244 8229 3704 2401 5993 9991 7979 3174 1853 8595 8265 6151 2839 7220 8347 8799 1584 8772 9326
1 3288
19 1143 2649 6541 9528 7069 517 7851 308 814 3922 4273 5288 5584 5963 6957 7209 9351 227 3279
29 5562 3774 5158 8906 524 1046 1108 2902 5373 4380 5176 2406 7094 7102 9146 3675 5231 3918 6021 9479 5385 5835 9742 3877 9296 1162 5583 4692 7093
2 8994 4268
3 5742 9321 8862
11 6744 2582 5197 9883 6618 7659 558 4261 849 2370 4799
26 4352 8679 9160 1326 209 620 2782 8702 921 1225 5819 3415 2804 3369 4484 527 3724 4806 6546 1896 8531 3316 757 1767 5947 3912
6 9864 7239 3163 4100 6889 5471
27 7432 1290 3254 5196 8541 178 3108 5627 7266 7870 2219 7395 2871 5082 7423 1008 9980 278 954 3701 7234 1612 3109 4514 7391 7691 7825
1 2669
2 5281 9827
22 1206 1459 636 7609 7097 4191 2759 8121 1860 685 9993 2898 6643 9028 5574 1966 6156 9934 460 3499 9794 1006
8 4948 2007 7907 7573 3373 1644 4682 5538
53 7383 3008 25 723 6399 7535 7367 6247 2285 4992 5461 7627 9664 815 6501 1464 8447 6035 3476 4176 5897 8432 7756 947 4532 8701 2047 5981 2375 5774 9521 575 3048 5555 7921 5261 7360 9866 599 1127 1965 6772 8120 370 5422 7689 4699 9857 9786 3295 1125 4155 2658
42 1695 6298 8035 6397 600 8297 6124 2172 7984 4578 9832 8764 2971 7746 3238 3162 6660 1029 5068 7781 4418 3218 8457 9404 2153 8116 2438 5403 9525 6210 1039 4434 6750 8912 7237 3010 7838 2190 8567 758 6829 2169
14 2717 798 7711 332 3702 481 911 3222 4147 6154 7682 5383 6112 5063
31 9049 9760 1077 5298 45 2609 2205 9746 689 8091 2286 4266 325 1244 3706 6690 9133 5519 2028 9300 6655 5956 5442 1902 7914 2045 5037 7169 5874 6341 9776
3 9579 3389 4127
26 3705 9056 1715 1987 4166 6302 694 3154 4479 2022 5219 8106 8797 2243 8607 6944 8883 2398 103 359 838 9088 6733 3127 8686 8957
81 7379 6913 9509 9153 657 1633 2347 6346 2374 8349 1913 9688 1981 4700 3184 7875 5354 2320 3187 6615 6847 8393 7970 3171 5688 2262 855 4426 1588 3644 8057 9882 7824 2927 1196 3916 9328 997 1662 292 9222 433 5592 2862 4323 4399 520 8674 671 560 8428 6996 9371 8145 8136 6166 8012 7473 6893 1532 1345 9075 6987 8324 7422 9931 3622 4684 4795 7738 4044 2699 7447 396 848 9096 9204 9510 4740 9982 8690
30 1194 229 179 1654 6972 8056 6251 5178 6994 9918 5768 4287 7539 9724 3554 6586 1373 6100 5081 3777 3269 824 3800 5419 7292 6619 58 3893 7035 2117
31 5919 9076 5877 5326 5683 3081 4358 7210 8767 5347 3229 4760 6109 1163 3769 4831 6933 8737 2643 2965 6280 6429 9000 9110 1725 4737 7637 602 3895 6732 8480
3 8599 6245 8319
13 4836 4559 6762 3809 301 5088 1484 6142 5756 6606 6759 6787 7460
59 768 3751 4255 7119 4465 8194 2142 6868 1346 2923 4123 35 2162 4599 6214 1341 4871 6846 709 7345 5692 5041 2757 9907 4775 7953 1352 5142 603 5537 7271 2618 3834 4847 8920 3854 9217 1032 7384 6693 7505 9618 1567 3734 8833 1072 9115 9107 781 3040 6871 4271 4327 927 9969 1419 8865 5923 3664
32 9489 5732 7037 8726 4954 1245 2854 4226 5233 8129 2012 3326 3400 4086 4137 4151 4359 5871 6981 1147 1306 4791 6295 3575 7817 5464 941 2414 2595 94 6682 6453
7 1037 7152 3430 1289 6560 9845 3850
31 8546 8200 5734 8999 3570 5660 6917 9704 4667 3639 4780 9443 1429 6292 1084 5321 3172 1103 7204 9554 7977 7721 801 2321 7421 3450 6827 9956 1445 3416 7766
24 4065 8793 8661 3833 5954 1586 714 4964 9118 1859 3783 5143 6359 2672 7282 4477 8650 4099 467 1752 8723 7615 7853 9131
76 6600 1721 1970 8239 8356 5198 883 2498 6178 7960 8505 4542 5001 607 2529 3284 6193 1608 2080 5240 6084 6491 6423 7067 9873 983 2138 2506 3302 3648 3987 4562 4912 186 650 2701 4943 5924 7653 8074 1696 8545 4334 7791 735 5046 7571 3095 7696 8103 3946 4764 1261 154 4129 4247 4543 4843 591 5076 9983 3576 3348 4893 6861 514 1886 4037 1254 8062 7935 7755 5942 7412 72 9472
4 908 5295 1040 5646
11 211 8102 8139 1875 5730 5066 298 4738 6658 9323 9573
56 384 1286 7753 6114 1893 2202 1878 4931 9513 6761 8410 651 8633 4832 7193 7904 8009 8249 4503 5930 1606 8849 3114 1499 4403 9885 1688 7309 6949 7066 5186 2739 929 8379 6938 5714 9361 9122 1226 4916 3115 9646 2600 1810 5642 9005 7845 523 9195 5966 7063 3851 8261 3053 2635 9720
3 1269 9436 3887
3 5914 594 6060
15 389 4366 6212 6147 7456 8172 2540 1698 8853 5329 7894 7969 2837 8043 1418
19 3767 3903 8036 357 8046 806 1158 7925 9589 4277 4596 3093 6828 9774 4619 3933 3299 38 8850
7 3161 4936 258 6895 1160 2198 7252
23 7600 8662 9123 1214 6696 7048 2111 5945 7941 8864 1327 2745 3489 321 304 2901 4981 2161 1148 6040 8930 4853 4750
18 2944 4052 9010 5831 9278 4298 1436 6929 1393 6555 8943 164 5031 1241 1299 2744 3686 7533
33 3272 1542 6116 8538 2666 4311 3164 7087 8030 1650 1907 2860 6095 9183 5922 8562 4918 7353 8381 2764 9886 8660 1848 5817 8613 4923 256 4907 7550 9223 6549 3140 4987
9 7196 379 0 3365 5967 6478 113 2737 5390
4 4523 9817 3515 464
84 4390 5044 5247 7871 8226 9148 4 3096 7184 5838 3553 1295 4690 1616 7258 4728 1943 8974 5645 3671 1597 1379 8602 2089 907 7764 1294 475 3762 7932 387 7646 8039 8465 3979 9574 3939 9941 9276 5609 9277 7307 2537 2366 11 5529 9892 5729 1392 5129 9775 5435 9773 2673 3261 2051 5170 286 1885 4547 8463 5643 275 4560 5788 9396 2868 9120 6433 9331 2932 8734 37 9407 5462 2014 8938 7276 2555 7443 6637 9077 1075 8217
35 5245 4629 8792 1713 5080 7926 2031 2680 3134 9968 4330 5867 4814 5204 8159 9722 2072 5567 8691 9767 2803 6375 934 4357 7967 4041 7084 2420 4653 6675 8360 4575 7336 826 9354
27 3252 1362 6782 6775 7381 8332 5906 430 3645 6838 7636 2151 6055 7529 1638 3361 4429 1338 5451 7016 630 5023 8197 1230 4638 7912 6063
6 2981 5296 3904 7743 1770 5953
10 3028 7032 9558 3518 4999 407 6236 7402 2274 1134
2 9451 3289
23 1015 662 7144 8776 6500 5869 265 3538 8084 2193 8212 4161 4731 1017 6587 9715 3035 4951 7400 9468 4227 955 5415
17 2359 9702 7218 926 9366 9395 4001 1962 1053 7508 2621 809 3698 6246 6209 821 7223
14 4450 4810 5168 6514 345 1205 5826 7502 746 3290 4111 981 2985 6870
12 8433 8034 8939 7306 8208 4106 705 1057 8089 4282 4714 3402
