4 213 242 293 2
5 271 12 256 49 132
5 259 156 141 272 151
5 265 288 94 257 183
6 75 68 59 126 135 247
4 112 152 1 149
8 180 282 10 181 43 233 178 274
6 296 185 196 206 208 165
7 285 114 106 154 143 77 130
9 0 95 243 101 219 67 123 173 175
4 111 119 104 153
6 121 201 223 142 240 9
8 212 127 96 98 155 97 84 169
7 216 11 205 289 297 69 52
5 258 16 228 37 211
5 13 48 35 252 189
9 161 63 244 170 25 292 71 262 278
8 85 290 89 131 266 145 47 46
8 54 80 214 140 83 78 215 194
8 260 284 73 42 250 176 279 270
8 249 224 50 70 124 238 30 186
10 15 245 204 207 197 190 138 20 192 251
6 226 295 177 287 120 229
8 203 21 27 283 81 31 182 100
10 116 294 276 107 146 209 139 264 280 231
8 148 273 39 241 160 5 55 17
9 103 19 281 14 237 269 248 51 66
8 162 74 217 236 6 235 255 115
7 92 125 174 82 298 76 45
10 62 150 113 102 202 158 23 93 118 291
7 133 105 277 61 147 90 199
5 159 218 32 239 163
5 60 79 40 157 195
5 144 91 28 254 109
6 136 198 188 128 3 22
6 227 200 232 29 26 191
4 18 129 230 117
4 87 171 44 253
4 164 58 57 268
4 137 261 64 86
6 167 72 210 225 172 122
6 108 220 187 267 166 222
4 88 246 38 53
4 41 8 193 56
3 184 4 263
3 110 7 286
2 275 134
2 168 299
2 34 24
1 99
0 
0 
0 
0 
0 
0 
0 
0 
0 
0 
0 
0 
0 
0 
0 
0 
0 
0 
0 
0 
0 
0 
0 
0 
0 
0 
0 
0 
0 
0 
0 
0 
0 
0 
0 
0 
0 
0 
0 
0 
0 
0 
0 
0 
0 
0 
0 
0 
0 
0 
